000000000
000000100
000000200
000000300
000000400
000000500
000000600
000000700
000000800
000000900
000100000
000100100
000100200
000100300
000100400
000100500
000100600
000100700
000100800
000100900
000200000
000200100
000200200
000200300
000200400
000200500
000200600
000200700
000200800
000200900
000300000
000300100
000300200
000300300
000300400
000300500
000300600
000300700
000300800
000300900
000400000
000400100
000400200
000400300
000400400
000400500
000400600
000400700
000400800
000400900
000500000
000500100
000500200
000500300
000500400
000500500
000500600
000500700
000500800
000500900
000600000
000600100
000600200
000600300
000600400
000600500
000600600
000600700
000600800
000600900
000700000
000700100
000700200
000700300
000700400
000700500
000700600
000700700
000700800
000700900
000800000
000800100
000800200
000800300
000800400
000800500
000800600
000800700
000800800
000800900
000900000
000900100
000900200
000900300
000900400
000900500
000900600
000900700
000900800
000900900
100000000
100000100
100000200
100000300
100000400
100000500
100000600
100000700
100000800
100000900
100100000
100100100
100100200
100100300
100100400
100100500
100100600
100100700
100100800
100100900
100200000
100200100
100200200
100200300
100200400
100200500
100200600
100200700
100200800
100200900
100300000
100300100
100300200
100300300
100300400
100300500
100300600
100300700
100300800
100300900
100400000
100400100
100400200
100400300
100400400
100400500
100400600
100400700
100400800
100400900
100500000
100500100
100500200
100500300
100500400
100500500
100500600
100500700
100500800
100500900
100600000
100600100
100600200
100600300
100600400
100600500
100600600
100600700
100600800
100600900
100700000
100700100
100700200
100700300
100700400
100700500
100700600
100700700
100700800
100700900
100800000
100800100
100800200
100800300
100800400
100800500
100800600
100800700
100800800
100800900
100900000
100900100
100900200
100900300
100900400
100900500
100900600
100900700
100900800
100900900
200000000
200000100
200000200
200000300
200000400
200000500
200000600
200000700
200000800
200000900
200100000
200100100
200100200
200100300
200100400
200100500
200100600
200100700
200100800
200100900
200200000
200200100
200200200
200200300
200200400
200200500
200200600
200200700
200200800
200200900
200300000
200300100
200300200
200300300
200300400
200300500
200300600
200300700
200300800
200300900
200400000
200400100
200400200
200400300
200400400
200400500
200400600
200400700
200400800
200400900
200500000
200500100
200500200
200500300
200500400
200500500
200500600
200500700
200500800
200500900
200600000
200600100
200600200
200600300
200600400
200600500
200600600
200600700
200600800
200600900
200700000
200700100
200700200
200700300
200700400
200700500
200700600
200700700
200700800
200700900
200800000
200800100
200800200
200800300
200800400
200800500
200800600
200800700
200800800
200800900
200900000
200900100
200900200
200900300
200900400
200900500
200900600
200900700
200900800
200900900
300000000
300000100
300000200
300000300
300000400
300000500
300000600
300000700
300000800
300000900
300100000
300100100
300100200
300100300
300100400
300100500
300100600
300100700
300100800
300100900
300200000
300200100
300200200
300200300
300200400
300200500
300200600
300200700
300200800
300200900
300300000
300300100
300300200
300300300
300300400
300300500
300300600
300300700
300300800
300300900
300400000
300400100
300400200
300400300
300400400
300400500
300400600
300400700
300400800
300400900
300500000
300500100
300500200
300500300
300500400
300500500
300500600
300500700
300500800
300500900
300600000
300600100
300600200
300600300
300600400
300600500
300600600
300600700
300600800
300600900
300700000
300700100
300700200
300700300
300700400
300700500
300700600
300700700
300700800
300700900
300800000
300800100
300800200
300800300
300800400
300800500
300800600
300800700
300800800
300800900
300900000
300900100
300900200
300900300
300900400
300900500
300900600
300900700
300900800
300900900
400000000
400000100
400000200
400000300
400000400
400000500
400000600
400000700
400000800
400000900
400100000
400100100
400100200
400100300
400100400
400100500
400100600
400100700
400100800
400100900
400200000
400200100
400200200
400200300
400200400
400200500
400200600
400200700
400200800
400200900
400300000
400300100
400300200
400300300
400300400
400300500
400300600
400300700
400300800
400300900
400400000
400400100
400400200
400400300
400400400
400400500
400400600
400400700
400400800
400400900
400500000
400500100
400500200
400500300
400500400
400500500
400500600
400500700
400500800
400500900
400600000
400600100
400600200
400600300
400600400
400600500
400600600
400600700
400600800
400600900
400700000
400700100
400700200
400700300
400700400
400700500
400700600
400700700
400700800
400700900
400800000
400800100
400800200
400800300
400800400
400800500
400800600
400800700
400800800
400800900
400900000
400900100
400900200
400900300
400900400
400900500
400900600
400900700
400900800
400900900
500000000
500000100
500000200
500000300
500000400
500000500
500000600
500000700
500000800
500000900
500100000
500100100
500100200
500100300
500100400
500100500
500100600
500100700
500100800
500100900
500200000
500200100
500200200
500200300
500200400
500200500
500200600
500200700
500200800
500200900
500300000
500300100
500300200
500300300
500300400
500300500
500300600
500300700
500300800
500300900
500400000
500400100
500400200
500400300
500400400
500400500
500400600
500400700
500400800
500400900
500500000
500500100
500500200
500500300
500500400
500500500
500500600
500500700
500500800
500500900
500600000
500600100
500600200
500600300
500600400
500600500
500600600
500600700
500600800
500600900
500700000
500700100
500700200
500700300
500700400
500700500
500700600
500700700
500700800
500700900
500800000
500800100
500800200
500800300
500800400
500800500
500800600
500800700
500800800
500800900
500900000
500900100
500900200
500900300
500900400
500900500
500900600
500900700
500900800
500900900
600000000
600000100
600000200
600000300
600000400
600000500
600000600
600000700
600000800
600000900
600100000
600100100
600100200
600100300
600100400
600100500
600100600
600100700
600100800
600100900
600200000
600200100
600200200
600200300
600200400
600200500
600200600
600200700
600200800
600200900
600300000
600300100
600300200
600300300
600300400
600300500
600300600
600300700
600300800
600300900
600400000
600400100
600400200
600400300
600400400
600400500
600400600
600400700
600400800
600400900
600500000
600500100
600500200
600500300
600500400
600500500
600500600
600500700
600500800
600500900
600600000
600600100
600600200
600600300
600600400
600600500
600600600
600600700
600600800
600600900
600700000
600700100
600700200
600700300
600700400
600700500
600700600
600700700
600700800
600700900
600800000
600800100
600800200
600800300
600800400
600800500
600800600
600800700
600800800
600800900
600900000
600900100
600900200
600900300
600900400
600900500
600900600
600900700
600900800
600900900
700000000
700000100
700000200
700000300
700000400
700000500
700000600
700000700
700000800
700000900
700100000
700100100
700100200
700100300
700100400
700100500
700100600
700100700
700100800
700100900
700200000
700200100
700200200
700200300
700200400
700200500
700200600
700200700
700200800
700200900
700300000
700300100
700300200
700300300
700300400
700300500
700300600
700300700
700300800
700300900
700400000
700400100
700400200
700400300
700400400
700400500
700400600
700400700
700400800
700400900
700500000
700500100
700500200
700500300
700500400
700500500
700500600
700500700
700500800
700500900
700600000
700600100
700600200
700600300
700600400
700600500
700600600
700600700
700600800
700600900
700700000
700700100
700700200
700700300
700700400
700700500
700700600
700700700
700700800
700700900
700800000
700800100
700800200
700800300
700800400
700800500
700800600
700800700
700800800
700800900
700900000
700900100
700900200
700900300
700900400
700900500
700900600
700900700
700900800
700900900
800000000
800000100
800000200
800000300
800000400
800000500
800000600
800000700
800000800
800000900
800100000
800100100
800100200
800100300
800100400
800100500
800100600
800100700
800100800
800100900
800200000
800200100
800200200
800200300
800200400
800200500
800200600
800200700
800200800
800200900
800300000
800300100
800300200
800300300
800300400
800300500
800300600
800300700
800300800
800300900
800400000
800400100
800400200
800400300
800400400
800400500
800400600
800400700
800400800
800400900
800500000
800500100
800500200
800500300
800500400
800500500
800500600
800500700
800500800
800500900
800600000
800600100
800600200
800600300
800600400
800600500
800600600
800600700
800600800
800600900
800700000
800700100
800700200
800700300
800700400
800700500
800700600
800700700
800700800
800700900
800800000
800800100
800800200
800800300
800800400
800800500
800800600
800800700
800800800
800800900
800900000
800900100
800900200
800900300
800900400
800900500
800900600
800900700
800900800
800900900
900000000
900000100
900000200
900000300
900000400
900000500
900000600
900000700
900000800
900000900
900100000
900100100
900100200
900100300
900100400
900100500
900100600
900100700
900100800
900100900
900200000
900200100
900200200
900200300
900200400
900200500
900200600
900200700
900200800
900200900
900300000
900300100
900300200
900300300
900300400
900300500
900300600
900300700
900300800
900300900
900400000
900400100
900400200
900400300
900400400
900400500
900400600
900400700
900400800
900400900
900500000
900500100
900500200
900500300
900500400
900500500
900500600
900500700
900500800
900500900
900600000
900600100
900600200
900600300
900600400
900600500
900600600
900600700
900600800
900600900
900700000
900700100
900700200
900700300
900700400
900700500
900700600
900700700
900700800
900700900
900800000
900800100
900800200
900800300
900800400
900800500
900800600
900800700
900800800
900800900
900900000
900900100
900900200
900900300
900900400
900900500
900900600
900900700
900900800
900900900