00000010
00000020
00000030
00000040
00000050
00000060
00000070
00000080
00000090
00001000
00001010
00001020
00001030
00001040
00001050
00001060
00001070
00001080
00001090
00002000
00002010
00002020
00002030
00002040
00002050
00002060
00002070
00002080
00002090
00003000
00003010
00003020
00003030
00003040
00003050
00003060
00003070
00003080
00003090
00004000
00004010
00004020
00004030
00004040
00004050
00004060
00004070
00004080
00004090
00005000
00005010
00005020
00005030
00005040
00005050
00005060
00005070
00005080
00005090
00006000
00006010
00006020
00006030
00006040
00006050
00006060
00006070
00006080
00006090
00007000
00007010
00007020
00007030
00007040
00007050
00007060
00007070
00007080
00007090
00008000
00008010
00008020
00008030
00008040
00008050
00008060
00008070
00008080
00008090
00009000
00009010
00009020
00009030
00009040
00009050
00009060
00009070
00009080
00009090
00100000
00100010
00100020
00100030
00100040
00100050
00100060
00100070
00100080
00100090
00101000
00101010
00101020
00101030
00101040
00101050
00101060
00101070
00101080
00101090
00102000
00102010
00102020
00102030
00102040
00102050
00102060
00102070
00102080
00102090
00103000
00103010
00103020
00103030
00103040
00103050
00103060
00103070
00103080
00103090
00104000
00104010
00104020
00104030
00104040
00104050
00104060
00104070
00104080
00104090
00105000
00105010
00105020
00105030
00105040
00105050
00105060
00105070
00105080
00105090
00106000
00106010
00106020
00106030
00106040
00106050
00106060
00106070
00106080
00106090
00107000
00107010
00107020
00107030
00107040
00107050
00107060
00107070
00107080
00107090
00108000
00108010
00108020
00108030
00108040
00108050
00108060
00108070
00108080
00108090
00109000
00109010
00109020
00109030
00109040
00109050
00109060
00109070
00109080
00109090
00200000
00200010
00200020
00200030
00200040
00200050
00200060
00200070
00200080
00200090
00201000
00201010
00201020
00201030
00201040
00201050
00201060
00201070
00201080
00201090
00202000
00202010
00202020
00202030
00202040
00202050
00202060
00202070
00202080
00202090
00203000
00203010
00203020
00203030
00203040
00203050
00203060
00203070
00203080
00203090
00204000
00204010
00204020
00204030
00204040
00204050
00204060
00204070
00204080
00204090
00205000
00205010
00205020
00205030
00205040
00205050
00205060
00205070
00205080
00205090
00206000
00206010
00206020
00206030
00206040
00206050
00206060
00206070
00206080
00206090
00207000
00207010
00207020
00207030
00207040
00207050
00207060
00207070
00207080
00207090
00208000
00208010
00208020
00208030
00208040
00208050
00208060
00208070
00208080
00208090
00209000
00209010
00209020
00209030
00209040
00209050
00209060
00209070
00209080
00209090
00300000
00300010
00300020
00300030
00300040
00300050
00300060
00300070
00300080
00300090
00301000
00301010
00301020
00301030
00301040
00301050
00301060
00301070
00301080
00301090
00302000
00302010
00302020
00302030
00302040
00302050
00302060
00302070
00302080
00302090
00303000
00303010
00303020
00303030
00303040
00303050
00303060
00303070
00303080
00303090
00304000
00304010
00304020
00304030
00304040
00304050
00304060
00304070
00304080
00304090
00305000
00305010
00305020
00305030
00305040
00305050
00305060
00305070
00305080
00305090
00306000
00306010
00306020
00306030
00306040
00306050
00306060
00306070
00306080
00306090
00307000
00307010
00307020
00307030
00307040
00307050
00307060
00307070
00307080
00307090
00308000
00308010
00308020
00308030
00308040
00308050
00308060
00308070
00308080
00308090
00309000
00309010
00309020
00309030
00309040
00309050
00309060
00309070
00309080
00309090
00400000
00400010
00400020
00400030
00400040
00400050
00400060
00400070
00400080
00400090
00401000
00401010
00401020
00401030
00401040
00401050
00401060
00401070
00401080
00401090
00402000
00402010
00402020
00402030
00402040
00402050
00402060
00402070
00402080
00402090
00403000
00403010
00403020
00403030
00403040
00403050
00403060
00403070
00403080
00403090
00404000
00404010
00404020
00404030
00404040
00404050
00404060
00404070
00404080
00404090
00405000
00405010
00405020
00405030
00405040
00405050
00405060
00405070
00405080
00405090
00406000
00406010
00406020
00406030
00406040
00406050
00406060
00406070
00406080
00406090
00407000
00407010
00407020
00407030
00407040
00407050
00407060
00407070
00407080
00407090
00408000
00408010
00408020
00408030
00408040
00408050
00408060
00408070
00408080
00408090
00409000
00409010
00409020
00409030
00409040
00409050
00409060
00409070
00409080
00409090
00500000
00500010
00500020
00500030
00500040
00500050
00500060
00500070
00500080
00500090
00501000
00501010
00501020
00501030
00501040
00501050
00501060
00501070
00501080
00501090
00502000
00502010
00502020
00502030
00502040
00502050
00502060
00502070
00502080
00502090
00503000
00503010
00503020
00503030
00503040
00503050
00503060
00503070
00503080
00503090
00504000
00504010
00504020
00504030
00504040
00504050
00504060
00504070
00504080
00504090
00505000
00505010
00505020
00505030
00505040
00505050
00505060
00505070
00505080
00505090
00506000
00506010
00506020
00506030
00506040
00506050
00506060
00506070
00506080
00506090
00507000
00507010
00507020
00507030
00507040
00507050
00507060
00507070
00507080
00507090
00508000
00508010
00508020
00508030
00508040
00508050
00508060
00508070
00508080
00508090
00509000
00509010
00509020
00509030
00509040
00509050
00509060
00509070
00509080
00509090
00600000
00600010
00600020
00600030
00600040
00600050
00600060
00600070
00600080
00600090
00601000
00601010
00601020
00601030
00601040
00601050
00601060
00601070
00601080
00601090
00602000
00602010
00602020
00602030
00602040
00602050
00602060
00602070
00602080
00602090
00603000
00603010
00603020
00603030
00603040
00603050
00603060
00603070
00603080
00603090
00604000
00604010
00604020
00604030
00604040
00604050
00604060
00604070
00604080
00604090
00605000
00605010
00605020
00605030
00605040
00605050
00605060
00605070
00605080
00605090
00606000
00606010
00606020
00606030
00606040
00606050
00606060
00606070
00606080
00606090
00607000
00607010
00607020
00607030
00607040
00607050
00607060
00607070
00607080
00607090
00608000
00608010
00608020
00608030
00608040
00608050
00608060
00608070
00608080
00608090
00609000
00609010
00609020
00609030
00609040
00609050
00609060
00609070
00609080
00609090
00700000
00700010
00700020
00700030
00700040
00700050
00700060
00700070
00700080
00700090
00701000
00701010
00701020
00701030
00701040
00701050
00701060
00701070
00701080
00701090
00702000
00702010
00702020
00702030
00702040
00702050
00702060
00702070
00702080
00702090
00703000
00703010
00703020
00703030
00703040
00703050
00703060
00703070
00703080
00703090
00704000
00704010
00704020
00704030
00704040
00704050
00704060
00704070
00704080
00704090
00705000
00705010
00705020
00705030
00705040
00705050
00705060
00705070
00705080
00705090
00706000
00706010
00706020
00706030
00706040
00706050
00706060
00706070
00706080
00706090
00707000
00707010
00707020
00707030
00707040
00707050
00707060
00707070
00707080
00707090
00708000
00708010
00708020
00708030
00708040
00708050
00708060
00708070
00708080
00708090
00709000
00709010
00709020
00709030
00709040
00709050
00709060
00709070
00709080
00709090
00800000
00800010
00800020
00800030
00800040
00800050
00800060
00800070
00800080
00800090
00801000
00801010
00801020
00801030
00801040
00801050
00801060
00801070
00801080
00801090
00802000
00802010
00802020
00802030
00802040
00802050
00802060
00802070
00802080
00802090
00803000
00803010
00803020
00803030
00803040
00803050
00803060
00803070
00803080
00803090
00804000
00804010
00804020
00804030
00804040
00804050
00804060
00804070
00804080
00804090
00805000
00805010
00805020
00805030
00805040
00805050
00805060
00805070
00805080
00805090
00806000
00806010
00806020
00806030
00806040
00806050
00806060
00806070
00806080
00806090
00807000
00807010
00807020
00807030
00807040
00807050
00807060
00807070
00807080
00807090
00808000
00808010
00808020
00808030
00808040
00808050
00808060
00808070
00808080
00808090
00809000
00809010
00809020
00809030
00809040
00809050
00809060
00809070
00809080
00809090
00900000
00900010
00900020
00900030
00900040
00900050
00900060
00900070
00900080
00900090
00901000
00901010
00901020
00901030
00901040
00901050
00901060
00901070
00901080
00901090
00902000
00902010
00902020
00902030
00902040
00902050
00902060
00902070
00902080
00902090
00903000
00903010
00903020
00903030
00903040
00903050
00903060
00903070
00903080
00903090
00904000
00904010
00904020
00904030
00904040
00904050
00904060
00904070
00904080
00904090
00905000
00905010
00905020
00905030
00905040
00905050
00905060
00905070
00905080
00905090
00906000
00906010
00906020
00906030
00906040
00906050
00906060
00906070
00906080
00906090
00907000
00907010
00907020
00907030
00907040
00907050
00907060
00907070
00907080
00907090
00908000
00908010
00908020
00908030
00908040
00908050
00908060
00908070
00908080
00908090
00909000
00909010
00909020
00909030
00909040
00909050
00909060
00909070
00909080
00909090
10000000
10000010
10000020
10000030
10000040
10000050
10000060
10000070
10000080
10000090
10001000
10001010
10001020
10001030
10001040
10001050
10001060
10001070
10001080
10001090
10002000
10002010
10002020
10002030
10002040
10002050
10002060
10002070
10002080
10002090
10003000
10003010
10003020
10003030
10003040
10003050
10003060
10003070
10003080
10003090
10004000
10004010
10004020
10004030
10004040
10004050
10004060
10004070
10004080
10004090
10005000
10005010
10005020
10005030
10005040
10005050
10005060
10005070
10005080
10005090
10006000
10006010
10006020
10006030
10006040
10006050
10006060
10006070
10006080
10006090
10007000
10007010
10007020
10007030
10007040
10007050
10007060
10007070
10007080
10007090
10008000
10008010
10008020
10008030
10008040
10008050
10008060
10008070
10008080
10008090
10009000
10009010
10009020
10009030
10009040
10009050
10009060
10009070
10009080
10009090
10100000
10100010
10100020
10100030
10100040
10100050
10100060
10100070
10100080
10100090
10101000
10101010
10101020
10101030
10101040
10101050
10101060
10101070
10101080
10101090
10102000
10102010
10102020
10102030
10102040
10102050
10102060
10102070
10102080
10102090
10103000
10103010
10103020
10103030
10103040
10103050
10103060
10103070
10103080
10103090
10104000
10104010
10104020
10104030
10104040
10104050
10104060
10104070
10104080
10104090
10105000
10105010
10105020
10105030
10105040
10105050
10105060
10105070
10105080
10105090
10106000
10106010
10106020
10106030
10106040
10106050
10106060
10106070
10106080
10106090
10107000
10107010
10107020
10107030
10107040
10107050
10107060
10107070
10107080
10107090
10108000
10108010
10108020
10108030
10108040
10108050
10108060
10108070
10108080
10108090
10109000
10109010
10109020
10109030
10109040
10109050
10109060
10109070
10109080
10109090
10200000
10200010
10200020
10200030
10200040
10200050
10200060
10200070
10200080
10200090
10201000
10201010
10201020
10201030
10201040
10201050
10201060
10201070
10201080
10201090
10202000
10202010
10202020
10202030
10202040
10202050
10202060
10202070
10202080
10202090
10203000
10203010
10203020
10203030
10203040
10203050
10203060
10203070
10203080
10203090
10204000
10204010
10204020
10204030
10204040
10204050
10204060
10204070
10204080
10204090
10205000
10205010
10205020
10205030
10205040
10205050
10205060
10205070
10205080
10205090
10206000
10206010
10206020
10206030
10206040
10206050
10206060
10206070
10206080
10206090
10207000
10207010
10207020
10207030
10207040
10207050
10207060
10207070
10207080
10207090
10208000
10208010
10208020
10208030
10208040
10208050
10208060
10208070
10208080
10208090
10209000
10209010
10209020
10209030
10209040
10209050
10209060
10209070
10209080
10209090
10300000
10300010
10300020
10300030
10300040
10300050
10300060
10300070
10300080
10300090
10301000
10301010
10301020
10301030
10301040
10301050
10301060
10301070
10301080
10301090
10302000
10302010
10302020
10302030
10302040
10302050
10302060
10302070
10302080
10302090
10303000
10303010
10303020
10303030
10303040
10303050
10303060
10303070
10303080
10303090
10304000
10304010
10304020
10304030
10304040
10304050
10304060
10304070
10304080
10304090
10305000
10305010
10305020
10305030
10305040
10305050
10305060
10305070
10305080
10305090
10306000
10306010
10306020
10306030
10306040
10306050
10306060
10306070
10306080
10306090
10307000
10307010
10307020
10307030
10307040
10307050
10307060
10307070
10307080
10307090
10308000
10308010
10308020
10308030
10308040
10308050
10308060
10308070
10308080
10308090
10309000
10309010
10309020
10309030
10309040
10309050
10309060
10309070
10309080
10309090
10400000
10400010
10400020
10400030
10400040
10400050
10400060
10400070
10400080
10400090
10401000
10401010
10401020
10401030
10401040
10401050
10401060
10401070
10401080
10401090
10402000
10402010
10402020
10402030
10402040
10402050
10402060
10402070
10402080
10402090
10403000
10403010
10403020
10403030
10403040
10403050
10403060
10403070
10403080
10403090
10404000
10404010
10404020
10404030
10404040
10404050
10404060
10404070
10404080
10404090
10405000
10405010
10405020
10405030
10405040
10405050
10405060
10405070
10405080
10405090
10406000
10406010
10406020
10406030
10406040
10406050
10406060
10406070
10406080
10406090
10407000
10407010
10407020
10407030
10407040
10407050
10407060
10407070
10407080
10407090
10408000
10408010
10408020
10408030
10408040
10408050
10408060
10408070
10408080
10408090
10409000
10409010
10409020
10409030
10409040
10409050
10409060
10409070
10409080
10409090
10500000
10500010
10500020
10500030
10500040
10500050
10500060
10500070
10500080
10500090
10501000
10501010
10501020
10501030
10501040
10501050
10501060
10501070
10501080
10501090
10502000
10502010
10502020
10502030
10502040
10502050
10502060
10502070
10502080
10502090
10503000
10503010
10503020
10503030
10503040
10503050
10503060
10503070
10503080
10503090
10504000
10504010
10504020
10504030
10504040
10504050
10504060
10504070
10504080
10504090
10505000
10505010
10505020
10505030
10505040
10505050
10505060
10505070
10505080
10505090
10506000
10506010
10506020
10506030
10506040
10506050
10506060
10506070
10506080
10506090
10507000
10507010
10507020
10507030
10507040
10507050
10507060
10507070
10507080
10507090
10508000
10508010
10508020
10508030
10508040
10508050
10508060
10508070
10508080
10508090
10509000
10509010
10509020
10509030
10509040
10509050
10509060
10509070
10509080
10509090
10600000
10600010
10600020
10600030
10600040
10600050
10600060
10600070
10600080
10600090
10601000
10601010
10601020
10601030
10601040
10601050
10601060
10601070
10601080
10601090
10602000
10602010
10602020
10602030
10602040
10602050
10602060
10602070
10602080
10602090
10603000
10603010
10603020
10603030
10603040
10603050
10603060
10603070
10603080
10603090
10604000
10604010
10604020
10604030
10604040
10604050
10604060
10604070
10604080
10604090
10605000
10605010
10605020
10605030
10605040
10605050
10605060
10605070
10605080
10605090
10606000
10606010
10606020
10606030
10606040
10606050
10606060
10606070
10606080
10606090
10607000
10607010
10607020
10607030
10607040
10607050
10607060
10607070
10607080
10607090
10608000
10608010
10608020
10608030
10608040
10608050
10608060
10608070
10608080
10608090
10609000
10609010
10609020
10609030
10609040
10609050
10609060
10609070
10609080
10609090
10700000
10700010
10700020
10700030
10700040
10700050
10700060
10700070
10700080
10700090
10701000
10701010
10701020
10701030
10701040
10701050
10701060
10701070
10701080
10701090
10702000
10702010
10702020
10702030
10702040
10702050
10702060
10702070
10702080
10702090
10703000
10703010
10703020
10703030
10703040
10703050
10703060
10703070
10703080
10703090
10704000
10704010
10704020
10704030
10704040
10704050
10704060
10704070
10704080
10704090
10705000
10705010
10705020
10705030
10705040
10705050
10705060
10705070
10705080
10705090
10706000
10706010
10706020
10706030
10706040
10706050
10706060
10706070
10706080
10706090
10707000
10707010
10707020
10707030
10707040
10707050
10707060
10707070
10707080
10707090
10708000
10708010
10708020
10708030
10708040
10708050
10708060
10708070
10708080
10708090
10709000
10709010
10709020
10709030
10709040
10709050
10709060
10709070
10709080
10709090
10800000
10800010
10800020
10800030
10800040
10800050
10800060
10800070
10800080
10800090
10801000
10801010
10801020
10801030
10801040
10801050
10801060
10801070
10801080
10801090
10802000
10802010
10802020
10802030
10802040
10802050
10802060
10802070
10802080
10802090
10803000
10803010
10803020
10803030
10803040
10803050
10803060
10803070
10803080
10803090
10804000
10804010
10804020
10804030
10804040
10804050
10804060
10804070
10804080
10804090
10805000
10805010
10805020
10805030
10805040
10805050
10805060
10805070
10805080
10805090
10806000
10806010
10806020
10806030
10806040
10806050
10806060
10806070
10806080
10806090
10807000
10807010
10807020
10807030
10807040
10807050
10807060
10807070
10807080
10807090
10808000
10808010
10808020
10808030
10808040
10808050
10808060
10808070
10808080
10808090
10809000
10809010
10809020
10809030
10809040
10809050
10809060
10809070
10809080
10809090
10900000
10900010
10900020
10900030
10900040
10900050
10900060
10900070
10900080
10900090
10901000
10901010
10901020
10901030
10901040
10901050
10901060
10901070
10901080
10901090
10902000
10902010
10902020
10902030
10902040
10902050
10902060
10902070
10902080
10902090
10903000
10903010
10903020
10903030
10903040
10903050
10903060
10903070
10903080
10903090
10904000
10904010
10904020
10904030
10904040
10904050
10904060
10904070
10904080
10904090
10905000
10905010
10905020
10905030
10905040
10905050
10905060
10905070
10905080
10905090
10906000
10906010
10906020
10906030
10906040
10906050
10906060
10906070
10906080
10906090
10907000
10907010
10907020
10907030
10907040
10907050
10907060
10907070
10907080
10907090
10908000
10908010
10908020
10908030
10908040
10908050
10908060
10908070
10908080
10908090
10909000
10909010
10909020
10909030
10909040
10909050
10909060
10909070
10909080
10909090
20000000
20000010
20000020
20000030
20000040
20000050
20000060
20000070
20000080
20000090
20001000
20001010
20001020
20001030
20001040
20001050
20001060
20001070
20001080
20001090
20002000
20002010
20002020
20002030
20002040
20002050
20002060
20002070
20002080
20002090
20003000
20003010
20003020
20003030
20003040
20003050
20003060
20003070
20003080
20003090
20004000
20004010
20004020
20004030
20004040
20004050
20004060
20004070
20004080
20004090
20005000
20005010
20005020
20005030
20005040
20005050
20005060
20005070
20005080
20005090
20006000
20006010
20006020
20006030
20006040
20006050
20006060
20006070
20006080
20006090
20007000
20007010
20007020
20007030
20007040
20007050
20007060
20007070
20007080
20007090
20008000
20008010
20008020
20008030
20008040
20008050
20008060
20008070
20008080
20008090
20009000
20009010
20009020
20009030
20009040
20009050
20009060
20009070
20009080
20009090
20100000
20100010
20100020
20100030
20100040
20100050
20100060
20100070
20100080
20100090
20101000
20101010
20101020
20101030
20101040
20101050
20101060
20101070
20101080
20101090
20102000
20102010
20102020
20102030
20102040
20102050
20102060
20102070
20102080
20102090
20103000
20103010
20103020
20103030
20103040
20103050
20103060
20103070
20103080
20103090
20104000
20104010
20104020
20104030
20104040
20104050
20104060
20104070
20104080
20104090
20105000
20105010
20105020
20105030
20105040
20105050
20105060
20105070
20105080
20105090
20106000
20106010
20106020
20106030
20106040
20106050
20106060
20106070
20106080
20106090
20107000
20107010
20107020
20107030
20107040
20107050
20107060
20107070
20107080
20107090
20108000
20108010
20108020
20108030
20108040
20108050
20108060
20108070
20108080
20108090
20109000
20109010
20109020
20109030
20109040
20109050
20109060
20109070
20109080
20109090
20200000
20200010
20200020
20200030
20200040
20200050
20200060
20200070
20200080
20200090
20201000
20201010
20201020
20201030
20201040
20201050
20201060
20201070
20201080
20201090
20202000
20202010
20202020
20202030
20202040
20202050
20202060
20202070
20202080
20202090
20203000
20203010
20203020
20203030
20203040
20203050
20203060
20203070
20203080
20203090
20204000
20204010
20204020
20204030
20204040
20204050
20204060
20204070
20204080
20204090
20205000
20205010
20205020
20205030
20205040
20205050
20205060
20205070
20205080
20205090
20206000
20206010
20206020
20206030
20206040
20206050
20206060
20206070
20206080
20206090
20207000
20207010
20207020
20207030
20207040
20207050
20207060
20207070
20207080
20207090
20208000
20208010
20208020
20208030
20208040
20208050
20208060
20208070
20208080
20208090
20209000
20209010
20209020
20209030
20209040
20209050
20209060
20209070
20209080
20209090
20300000
20300010
20300020
20300030
20300040
20300050
20300060
20300070
20300080
20300090
20301000
20301010
20301020
20301030
20301040
20301050
20301060
20301070
20301080
20301090
20302000
20302010
20302020
20302030
20302040
20302050
20302060
20302070
20302080
20302090
20303000
20303010
20303020
20303030
20303040
20303050
20303060
20303070
20303080
20303090
20304000
20304010
20304020
20304030
20304040
20304050
20304060
20304070
20304080
20304090
20305000
20305010
20305020
20305030
20305040
20305050
20305060
20305070
20305080
20305090
20306000
20306010
20306020
20306030
20306040
20306050
20306060
20306070
20306080
20306090
20307000
20307010
20307020
20307030
20307040
20307050
20307060
20307070
20307080
20307090
20308000
20308010
20308020
20308030
20308040
20308050
20308060
20308070
20308080
20308090
20309000
20309010
20309020
20309030
20309040
20309050
20309060
20309070
20309080
20309090
20400000
20400010
20400020
20400030
20400040
20400050
20400060
20400070
20400080
20400090
20401000
20401010
20401020
20401030
20401040
20401050
20401060
20401070
20401080
20401090
20402000
20402010
20402020
20402030
20402040
20402050
20402060
20402070
20402080
20402090
20403000
20403010
20403020
20403030
20403040
20403050
20403060
20403070
20403080
20403090
20404000
20404010
20404020
20404030
20404040
20404050
20404060
20404070
20404080
20404090
20405000
20405010
20405020
20405030
20405040
20405050
20405060
20405070
20405080
20405090
20406000
20406010
20406020
20406030
20406040
20406050
20406060
20406070
20406080
20406090
20407000
20407010
20407020
20407030
20407040
20407050
20407060
20407070
20407080
20407090
20408000
20408010
20408020
20408030
20408040
20408050
20408060
20408070
20408080
20408090
20409000
20409010
20409020
20409030
20409040
20409050
20409060
20409070
20409080
20409090
20500000
20500010
20500020
20500030
20500040
20500050
20500060
20500070
20500080
20500090
20501000
20501010
20501020
20501030
20501040
20501050
20501060
20501070
20501080
20501090
20502000
20502010
20502020
20502030
20502040
20502050
20502060
20502070
20502080
20502090
20503000
20503010
20503020
20503030
20503040
20503050
20503060
20503070
20503080
20503090
20504000
20504010
20504020
20504030
20504040
20504050
20504060
20504070
20504080
20504090
20505000
20505010
20505020
20505030
20505040
20505050
20505060
20505070
20505080
20505090
20506000
20506010
20506020
20506030
20506040
20506050
20506060
20506070
20506080
20506090
20507000
20507010
20507020
20507030
20507040
20507050
20507060
20507070
20507080
20507090
20508000
20508010
20508020
20508030
20508040
20508050
20508060
20508070
20508080
20508090
20509000
20509010
20509020
20509030
20509040
20509050
20509060
20509070
20509080
20509090
20600000
20600010
20600020
20600030
20600040
20600050
20600060
20600070
20600080
20600090
20601000
20601010
20601020
20601030
20601040
20601050
20601060
20601070
20601080
20601090
20602000
20602010
20602020
20602030
20602040
20602050
20602060
20602070
20602080
20602090
20603000
20603010
20603020
20603030
20603040
20603050
20603060
20603070
20603080
20603090
20604000
20604010
20604020
20604030
20604040
20604050
20604060
20604070
20604080
20604090
20605000
20605010
20605020
20605030
20605040
20605050
20605060
20605070
20605080
20605090
20606000
20606010
20606020
20606030
20606040
20606050
20606060
20606070
20606080
20606090
20607000
20607010
20607020
20607030
20607040
20607050
20607060
20607070
20607080
20607090
20608000
20608010
20608020
20608030
20608040
20608050
20608060
20608070
20608080
20608090
20609000
20609010
20609020
20609030
20609040
20609050
20609060
20609070
20609080
20609090
20700000
20700010
20700020
20700030
20700040
20700050
20700060
20700070
20700080
20700090
20701000
20701010
20701020
20701030
20701040
20701050
20701060
20701070
20701080
20701090
20702000
20702010
20702020
20702030
20702040
20702050
20702060
20702070
20702080
20702090
20703000
20703010
20703020
20703030
20703040
20703050
20703060
20703070
20703080
20703090
20704000
20704010
20704020
20704030
20704040
20704050
20704060
20704070
20704080
20704090
20705000
20705010
20705020
20705030
20705040
20705050
20705060
20705070
20705080
20705090
20706000
20706010
20706020
20706030
20706040
20706050
20706060
20706070
20706080
20706090
20707000
20707010
20707020
20707030
20707040
20707050
20707060
20707070
20707080
20707090
20708000
20708010
20708020
20708030
20708040
20708050
20708060
20708070
20708080
20708090
20709000
20709010
20709020
20709030
20709040
20709050
20709060
20709070
20709080
20709090
20800000
20800010
20800020
20800030
20800040
20800050
20800060
20800070
20800080
20800090
20801000
20801010
20801020
20801030
20801040
20801050
20801060
20801070
20801080
20801090
20802000
20802010
20802020
20802030
20802040
20802050
20802060
20802070
20802080
20802090
20803000
20803010
20803020
20803030
20803040
20803050
20803060
20803070
20803080
20803090
20804000
20804010
20804020
20804030
20804040
20804050
20804060
20804070
20804080
20804090
20805000
20805010
20805020
20805030
20805040
20805050
20805060
20805070
20805080
20805090
20806000
20806010
20806020
20806030
20806040
20806050
20806060
20806070
20806080
20806090
20807000
20807010
20807020
20807030
20807040
20807050
20807060
20807070
20807080
20807090
20808000
20808010
20808020
20808030
20808040
20808050
20808060
20808070
20808080
20808090
20809000
20809010
20809020
20809030
20809040
20809050
20809060
20809070
20809080
20809090
20900000
20900010
20900020
20900030
20900040
20900050
20900060
20900070
20900080
20900090
20901000
20901010
20901020
20901030
20901040
20901050
20901060
20901070
20901080
20901090
20902000
20902010
20902020
20902030
20902040
20902050
20902060
20902070
20902080
20902090
20903000
20903010
20903020
20903030
20903040
20903050
20903060
20903070
20903080
20903090
20904000
20904010
20904020
20904030
20904040
20904050
20904060
20904070
20904080
20904090
20905000
20905010
20905020
20905030
20905040
20905050
20905060
20905070
20905080
20905090
20906000
20906010
20906020
20906030
20906040
20906050
20906060
20906070
20906080
20906090
20907000
20907010
20907020
20907030
20907040
20907050
20907060
20907070
20907080
20907090
20908000
20908010
20908020
20908030
20908040
20908050
20908060
20908070
20908080
20908090
20909000
20909010
20909020
20909030
20909040
20909050
20909060
20909070
20909080
20909090
30000000
30000010
30000020
30000030
30000040
30000050
30000060
30000070
30000080
30000090
30001000
30001010
30001020
30001030
30001040
30001050
30001060
30001070
30001080
30001090
30002000
30002010
30002020
30002030
30002040
30002050
30002060
30002070
30002080
30002090
30003000
30003010
30003020
30003030
30003040
30003050
30003060
30003070
30003080
30003090
30004000
30004010
30004020
30004030
30004040
30004050
30004060
30004070
30004080
30004090
30005000
30005010
30005020
30005030
30005040
30005050
30005060
30005070
30005080
30005090
30006000
30006010
30006020
30006030
30006040
30006050
30006060
30006070
30006080
30006090
30007000
30007010
30007020
30007030
30007040
30007050
30007060
30007070
30007080
30007090
30008000
30008010
30008020
30008030
30008040
30008050
30008060
30008070
30008080
30008090
30009000
30009010
30009020
30009030
30009040
30009050
30009060
30009070
30009080
30009090
30100000
30100010
30100020
30100030
30100040
30100050
30100060
30100070
30100080
30100090
30101000
30101010
30101020
30101030
30101040
30101050
30101060
30101070
30101080
30101090
30102000
30102010
30102020
30102030
30102040
30102050
30102060
30102070
30102080
30102090
30103000
30103010
30103020
30103030
30103040
30103050
30103060
30103070
30103080
30103090
30104000
30104010
30104020
30104030
30104040
30104050
30104060
30104070
30104080
30104090
30105000
30105010
30105020
30105030
30105040
30105050
30105060
30105070
30105080
30105090
30106000
30106010
30106020
30106030
30106040
30106050
30106060
30106070
30106080
30106090
30107000
30107010
30107020
30107030
30107040
30107050
30107060
30107070
30107080
30107090
30108000
30108010
30108020
30108030
30108040
30108050
30108060
30108070
30108080
30108090
30109000
30109010
30109020
30109030
30109040
30109050
30109060
30109070
30109080
30109090
30200000
30200010
30200020
30200030
30200040
30200050
30200060
30200070
30200080
30200090
30201000
30201010
30201020
30201030
30201040
30201050
30201060
30201070
30201080
30201090
30202000
30202010
30202020
30202030
30202040
30202050
30202060
30202070
30202080
30202090
30203000
30203010
30203020
30203030
30203040
30203050
30203060
30203070
30203080
30203090
30204000
30204010
30204020
30204030
30204040
30204050
30204060
30204070
30204080
30204090
30205000
30205010
30205020
30205030
30205040
30205050
30205060
30205070
30205080
30205090
30206000
30206010
30206020
30206030
30206040
30206050
30206060
30206070
30206080
30206090
30207000
30207010
30207020
30207030
30207040
30207050
30207060
30207070
30207080
30207090
30208000
30208010
30208020
30208030
30208040
30208050
30208060
30208070
30208080
30208090
30209000
30209010
30209020
30209030
30209040
30209050
30209060
30209070
30209080
30209090
30300000
30300010
30300020
30300030
30300040
30300050
30300060
30300070
30300080
30300090
30301000
30301010
30301020
30301030
30301040
30301050
30301060
30301070
30301080
30301090
30302000
30302010
30302020
30302030
30302040
30302050
30302060
30302070
30302080
30302090
30303000
30303010
30303020
30303030
30303040
30303050
30303060
30303070
30303080
30303090
30304000
30304010
30304020
30304030
30304040
30304050
30304060
30304070
30304080
30304090
30305000
30305010
30305020
30305030
30305040
30305050
30305060
30305070
30305080
30305090
30306000
30306010
30306020
30306030
30306040
30306050
30306060
30306070
30306080
30306090
30307000
30307010
30307020
30307030
30307040
30307050
30307060
30307070
30307080
30307090
30308000
30308010
30308020
30308030
30308040
30308050
30308060
30308070
30308080
30308090
30309000
30309010
30309020
30309030
30309040
30309050
30309060
30309070
30309080
30309090
30400000
30400010
30400020
30400030
30400040
30400050
30400060
30400070
30400080
30400090
30401000
30401010
30401020
30401030
30401040
30401050
30401060
30401070
30401080
30401090
30402000
30402010
30402020
30402030
30402040
30402050
30402060
30402070
30402080
30402090
30403000
30403010
30403020
30403030
30403040
30403050
30403060
30403070
30403080
30403090
30404000
30404010
30404020
30404030
30404040
30404050
30404060
30404070
30404080
30404090
30405000
30405010
30405020
30405030
30405040
30405050
30405060
30405070
30405080
30405090
30406000
30406010
30406020
30406030
30406040
30406050
30406060
30406070
30406080
30406090
30407000
30407010
30407020
30407030
30407040
30407050
30407060
30407070
30407080
30407090
30408000
30408010
30408020
30408030
30408040
30408050
30408060
30408070
30408080
30408090
30409000
30409010
30409020
30409030
30409040
30409050
30409060
30409070
30409080
30409090
30500000
30500010
30500020
30500030
30500040
30500050
30500060
30500070
30500080
30500090
30501000
30501010
30501020
30501030
30501040
30501050
30501060
30501070
30501080
30501090
30502000
30502010
30502020
30502030
30502040
30502050
30502060
30502070
30502080
30502090
30503000
30503010
30503020
30503030
30503040
30503050
30503060
30503070
30503080
30503090
30504000
30504010
30504020
30504030
30504040
30504050
30504060
30504070
30504080
30504090
30505000
30505010
30505020
30505030
30505040
30505050
30505060
30505070
30505080
30505090
30506000
30506010
30506020
30506030
30506040
30506050
30506060
30506070
30506080
30506090
30507000
30507010
30507020
30507030
30507040
30507050
30507060
30507070
30507080
30507090
30508000
30508010
30508020
30508030
30508040
30508050
30508060
30508070
30508080
30508090
30509000
30509010
30509020
30509030
30509040
30509050
30509060
30509070
30509080
30509090
30600000
30600010
30600020
30600030
30600040
30600050
30600060
30600070
30600080
30600090
30601000
30601010
30601020
30601030
30601040
30601050
30601060
30601070
30601080
30601090
30602000
30602010
30602020
30602030
30602040
30602050
30602060
30602070
30602080
30602090
30603000
30603010
30603020
30603030
30603040
30603050
30603060
30603070
30603080
30603090
30604000
30604010
30604020
30604030
30604040
30604050
30604060
30604070
30604080
30604090
30605000
30605010
30605020
30605030
30605040
30605050
30605060
30605070
30605080
30605090
30606000
30606010
30606020
30606030
30606040
30606050
30606060
30606070
30606080
30606090
30607000
30607010
30607020
30607030
30607040
30607050
30607060
30607070
30607080
30607090
30608000
30608010
30608020
30608030
30608040
30608050
30608060
30608070
30608080
30608090
30609000
30609010
30609020
30609030
30609040
30609050
30609060
30609070
30609080
30609090
30700000
30700010
30700020
30700030
30700040
30700050
30700060
30700070
30700080
30700090
30701000
30701010
30701020
30701030
30701040
30701050
30701060
30701070
30701080
30701090
30702000
30702010
30702020
30702030
30702040
30702050
30702060
30702070
30702080
30702090
30703000
30703010
30703020
30703030
30703040
30703050
30703060
30703070
30703080
30703090
30704000
30704010
30704020
30704030
30704040
30704050
30704060
30704070
30704080
30704090
30705000
30705010
30705020
30705030
30705040
30705050
30705060
30705070
30705080
30705090
30706000
30706010
30706020
30706030
30706040
30706050
30706060
30706070
30706080
30706090
30707000
30707010
30707020
30707030
30707040
30707050
30707060
30707070
30707080
30707090
30708000
30708010
30708020
30708030
30708040
30708050
30708060
30708070
30708080
30708090
30709000
30709010
30709020
30709030
30709040
30709050
30709060
30709070
30709080
30709090
30800000
30800010
30800020
30800030
30800040
30800050
30800060
30800070
30800080
30800090
30801000
30801010
30801020
30801030
30801040
30801050
30801060
30801070
30801080
30801090
30802000
30802010
30802020
30802030
30802040
30802050
30802060
30802070
30802080
30802090
30803000
30803010
30803020
30803030
30803040
30803050
30803060
30803070
30803080
30803090
30804000
30804010
30804020
30804030
30804040
30804050
30804060
30804070
30804080
30804090
30805000
30805010
30805020
30805030
30805040
30805050
30805060
30805070
30805080
30805090
30806000
30806010
30806020
30806030
30806040
30806050
30806060
30806070
30806080
30806090
30807000
30807010
30807020
30807030
30807040
30807050
30807060
30807070
30807080
30807090
30808000
30808010
30808020
30808030
30808040
30808050
30808060
30808070
30808080
30808090
30809000
30809010
30809020
30809030
30809040
30809050
30809060
30809070
30809080
30809090
30900000
30900010
30900020
30900030
30900040
30900050
30900060
30900070
30900080
30900090
30901000
30901010
30901020
30901030
30901040
30901050
30901060
30901070
30901080
30901090
30902000
30902010
30902020
30902030
30902040
30902050
30902060
30902070
30902080
30902090
30903000
30903010
30903020
30903030
30903040
30903050
30903060
30903070
30903080
30903090
30904000
30904010
30904020
30904030
30904040
30904050
30904060
30904070
30904080
30904090
30905000
30905010
30905020
30905030
30905040
30905050
30905060
30905070
30905080
30905090
30906000
30906010
30906020
30906030
30906040
30906050
30906060
30906070
30906080
30906090
30907000
30907010
30907020
30907030
30907040
30907050
30907060
30907070
30907080
30907090
30908000
30908010
30908020
30908030
30908040
30908050
30908060
30908070
30908080
30908090
30909000
30909010
30909020
30909030
30909040
30909050
30909060
30909070
30909080
30909090
40000000
40000010
40000020
40000030
40000040
40000050
40000060
40000070
40000080
40000090
40001000
40001010
40001020
40001030
40001040
40001050
40001060
40001070
40001080
40001090
40002000
40002010
40002020
40002030
40002040
40002050
40002060
40002070
40002080
40002090
40003000
40003010
40003020
40003030
40003040
40003050
40003060
40003070
40003080
40003090
40004000
40004010
40004020
40004030
40004040
40004050
40004060
40004070
40004080
40004090
40005000
40005010
40005020
40005030
40005040
40005050
40005060
40005070
40005080
40005090
40006000
40006010
40006020
40006030
40006040
40006050
40006060
40006070
40006080
40006090
40007000
40007010
40007020
40007030
40007040
40007050
40007060
40007070
40007080
40007090
40008000
40008010
40008020
40008030
40008040
40008050
40008060
40008070
40008080
40008090
40009000
40009010
40009020
40009030
40009040
40009050
40009060
40009070
40009080
40009090
40100000
40100010
40100020
40100030
40100040
40100050
40100060
40100070
40100080
40100090
40101000
40101010
40101020
40101030
40101040
40101050
40101060
40101070
40101080
40101090
40102000
40102010
40102020
40102030
40102040
40102050
40102060
40102070
40102080
40102090
40103000
40103010
40103020
40103030
40103040
40103050
40103060
40103070
40103080
40103090
40104000
40104010
40104020
40104030
40104040
40104050
40104060
40104070
40104080
40104090
40105000
40105010
40105020
40105030
40105040
40105050
40105060
40105070
40105080
40105090
40106000
40106010
40106020
40106030
40106040
40106050
40106060
40106070
40106080
40106090
40107000
40107010
40107020
40107030
40107040
40107050
40107060
40107070
40107080
40107090
40108000
40108010
40108020
40108030
40108040
40108050
40108060
40108070
40108080
40108090
40109000
40109010
40109020
40109030
40109040
40109050
40109060
40109070
40109080
40109090
40200000
40200010
40200020
40200030
40200040
40200050
40200060
40200070
40200080
40200090
40201000
40201010
40201020
40201030
40201040
40201050
40201060
40201070
40201080
40201090
40202000
40202010
40202020
40202030
40202040
40202050
40202060
40202070
40202080
40202090
40203000
40203010
40203020
40203030
40203040
40203050
40203060
40203070
40203080
40203090
40204000
40204010
40204020
40204030
40204040
40204050
40204060
40204070
40204080
40204090
40205000
40205010
40205020
40205030
40205040
40205050
40205060
40205070
40205080
40205090
40206000
40206010
40206020
40206030
40206040
40206050
40206060
40206070
40206080
40206090
40207000
40207010
40207020
40207030
40207040
40207050
40207060
40207070
40207080
40207090
40208000
40208010
40208020
40208030
40208040
40208050
40208060
40208070
40208080
40208090
40209000
40209010
40209020
40209030
40209040
40209050
40209060
40209070
40209080
40209090
40300000
40300010
40300020
40300030
40300040
40300050
40300060
40300070
40300080
40300090
40301000
40301010
40301020
40301030
40301040
40301050
40301060
40301070
40301080
40301090
40302000
40302010
40302020
40302030
40302040
40302050
40302060
40302070
40302080
40302090
40303000
40303010
40303020
40303030
40303040
40303050
40303060
40303070
40303080
40303090
40304000
40304010
40304020
40304030
40304040
40304050
40304060
40304070
40304080
40304090
40305000
40305010
40305020
40305030
40305040
40305050
40305060
40305070
40305080
40305090
40306000
40306010
40306020
40306030
40306040
40306050
40306060
40306070
40306080
40306090
40307000
40307010
40307020
40307030
40307040
40307050
40307060
40307070
40307080
40307090
40308000
40308010
40308020
40308030
40308040
40308050
40308060
40308070
40308080
40308090
40309000
40309010
40309020
40309030
40309040
40309050
40309060
40309070
40309080
40309090
40400000
40400010
40400020
40400030
40400040
40400050
40400060
40400070
40400080
40400090
40401000
40401010
40401020
40401030
40401040
40401050
40401060
40401070
40401080
40401090
40402000
40402010
40402020
40402030
40402040
40402050
40402060
40402070
40402080
40402090
40403000
40403010
40403020
40403030
40403040
40403050
40403060
40403070
40403080
40403090
40404000
40404010
40404020
40404030
40404040
40404050
40404060
40404070
40404080
40404090
40405000
40405010
40405020
40405030
40405040
40405050
40405060
40405070
40405080
40405090
40406000
40406010
40406020
40406030
40406040
40406050
40406060
40406070
40406080
40406090
40407000
40407010
40407020
40407030
40407040
40407050
40407060
40407070
40407080
40407090
40408000
40408010
40408020
40408030
40408040
40408050
40408060
40408070
40408080
40408090
40409000
40409010
40409020
40409030
40409040
40409050
40409060
40409070
40409080
40409090
40500000
40500010
40500020
40500030
40500040
40500050
40500060
40500070
40500080
40500090
40501000
40501010
40501020
40501030
40501040
40501050
40501060
40501070
40501080
40501090
40502000
40502010
40502020
40502030
40502040
40502050
40502060
40502070
40502080
40502090
40503000
40503010
40503020
40503030
40503040
40503050
40503060
40503070
40503080
40503090
40504000
40504010
40504020
40504030
40504040
40504050
40504060
40504070
40504080
40504090
40505000
40505010
40505020
40505030
40505040
40505050
40505060
40505070
40505080
40505090
40506000
40506010
40506020
40506030
40506040
40506050
40506060
40506070
40506080
40506090
40507000
40507010
40507020
40507030
40507040
40507050
40507060
40507070
40507080
40507090
40508000
40508010
40508020
40508030
40508040
40508050
40508060
40508070
40508080
40508090
40509000
40509010
40509020
40509030
40509040
40509050
40509060
40509070
40509080
40509090
40600000
40600010
40600020
40600030
40600040
40600050
40600060
40600070
40600080
40600090
40601000
40601010
40601020
40601030
40601040
40601050
40601060
40601070
40601080
40601090
40602000
40602010
40602020
40602030
40602040
40602050
40602060
40602070
40602080
40602090
40603000
40603010
40603020
40603030
40603040
40603050
40603060
40603070
40603080
40603090
40604000
40604010
40604020
40604030
40604040
40604050
40604060
40604070
40604080
40604090
40605000
40605010
40605020
40605030
40605040
40605050
40605060
40605070
40605080
40605090
40606000
40606010
40606020
40606030
40606040
40606050
40606060
40606070
40606080
40606090
40607000
40607010
40607020
40607030
40607040
40607050
40607060
40607070
40607080
40607090
40608000
40608010
40608020
40608030
40608040
40608050
40608060
40608070
40608080
40608090
40609000
40609010
40609020
40609030
40609040
40609050
40609060
40609070
40609080
40609090
40700000
40700010
40700020
40700030
40700040
40700050
40700060
40700070
40700080
40700090
40701000
40701010
40701020
40701030
40701040
40701050
40701060
40701070
40701080
40701090
40702000
40702010
40702020
40702030
40702040
40702050
40702060
40702070
40702080
40702090
40703000
40703010
40703020
40703030
40703040
40703050
40703060
40703070
40703080
40703090
40704000
40704010
40704020
40704030
40704040
40704050
40704060
40704070
40704080
40704090
40705000
40705010
40705020
40705030
40705040
40705050
40705060
40705070
40705080
40705090
40706000
40706010
40706020
40706030
40706040
40706050
40706060
40706070
40706080
40706090
40707000
40707010
40707020
40707030
40707040
40707050
40707060
40707070
40707080
40707090
40708000
40708010
40708020
40708030
40708040
40708050
40708060
40708070
40708080
40708090
40709000
40709010
40709020
40709030
40709040
40709050
40709060
40709070
40709080
40709090
40800000
40800010
40800020
40800030
40800040
40800050
40800060
40800070
40800080
40800090
40801000
40801010
40801020
40801030
40801040
40801050
40801060
40801070
40801080
40801090
40802000
40802010
40802020
40802030
40802040
40802050
40802060
40802070
40802080
40802090
40803000
40803010
40803020
40803030
40803040
40803050
40803060
40803070
40803080
40803090
40804000
40804010
40804020
40804030
40804040
40804050
40804060
40804070
40804080
40804090
40805000
40805010
40805020
40805030
40805040
40805050
40805060
40805070
40805080
40805090
40806000
40806010
40806020
40806030
40806040
40806050
40806060
40806070
40806080
40806090
40807000
40807010
40807020
40807030
40807040
40807050
40807060
40807070
40807080
40807090
40808000
40808010
40808020
40808030
40808040
40808050
40808060
40808070
40808080
40808090
40809000
40809010
40809020
40809030
40809040
40809050
40809060
40809070
40809080
40809090
40900000
40900010
40900020
40900030
40900040
40900050
40900060
40900070
40900080
40900090
40901000
40901010
40901020
40901030
40901040
40901050
40901060
40901070
40901080
40901090
40902000
40902010
40902020
40902030
40902040
40902050
40902060
40902070
40902080
40902090
40903000
40903010
40903020
40903030
40903040
40903050
40903060
40903070
40903080
40903090
40904000
40904010
40904020
40904030
40904040
40904050
40904060
40904070
40904080
40904090
40905000
40905010
40905020
40905030
40905040
40905050
40905060
40905070
40905080
40905090
40906000
40906010
40906020
40906030
40906040
40906050
40906060
40906070
40906080
40906090
40907000
40907010
40907020
40907030
40907040
40907050
40907060
40907070
40907080
40907090
40908000
40908010
40908020
40908030
40908040
40908050
40908060
40908070
40908080
40908090
40909000
40909010
40909020
40909030
40909040
40909050
40909060
40909070
40909080
40909090
50000000
50000010
50000020
50000030
50000040
50000050
50000060
50000070
50000080
50000090
50001000
50001010
50001020
50001030
50001040
50001050
50001060
50001070
50001080
50001090
50002000
50002010
50002020
50002030
50002040
50002050
50002060
50002070
50002080
50002090
50003000
50003010
50003020
50003030
50003040
50003050
50003060
50003070
50003080
50003090
50004000
50004010
50004020
50004030
50004040
50004050
50004060
50004070
50004080
50004090
50005000
50005010
50005020
50005030
50005040
50005050
50005060
50005070
50005080
50005090
50006000
50006010
50006020
50006030
50006040
50006050
50006060
50006070
50006080
50006090
50007000
50007010
50007020
50007030
50007040
50007050
50007060
50007070
50007080
50007090
50008000
50008010
50008020
50008030
50008040
50008050
50008060
50008070
50008080
50008090
50009000
50009010
50009020
50009030
50009040
50009050
50009060
50009070
50009080
50009090
50100000
50100010
50100020
50100030
50100040
50100050
50100060
50100070
50100080
50100090
50101000
50101010
50101020
50101030
50101040
50101050
50101060
50101070
50101080
50101090
50102000
50102010
50102020
50102030
50102040
50102050
50102060
50102070
50102080
50102090
50103000
50103010
50103020
50103030
50103040
50103050
50103060
50103070
50103080
50103090
50104000
50104010
50104020
50104030
50104040
50104050
50104060
50104070
50104080
50104090
50105000
50105010
50105020
50105030
50105040
50105050
50105060
50105070
50105080
50105090
50106000
50106010
50106020
50106030
50106040
50106050
50106060
50106070
50106080
50106090
50107000
50107010
50107020
50107030
50107040
50107050
50107060
50107070
50107080
50107090
50108000
50108010
50108020
50108030
50108040
50108050
50108060
50108070
50108080
50108090
50109000
50109010
50109020
50109030
50109040
50109050
50109060
50109070
50109080
50109090
50200000
50200010
50200020
50200030
50200040
50200050
50200060
50200070
50200080
50200090
50201000
50201010
50201020
50201030
50201040
50201050
50201060
50201070
50201080
50201090
50202000
50202010
50202020
50202030
50202040
50202050
50202060
50202070
50202080
50202090
50203000
50203010
50203020
50203030
50203040
50203050
50203060
50203070
50203080
50203090
50204000
50204010
50204020
50204030
50204040
50204050
50204060
50204070
50204080
50204090
50205000
50205010
50205020
50205030
50205040
50205050
50205060
50205070
50205080
50205090
50206000
50206010
50206020
50206030
50206040
50206050
50206060
50206070
50206080
50206090
50207000
50207010
50207020
50207030
50207040
50207050
50207060
50207070
50207080
50207090
50208000
50208010
50208020
50208030
50208040
50208050
50208060
50208070
50208080
50208090
50209000
50209010
50209020
50209030
50209040
50209050
50209060
50209070
50209080
50209090
50300000
50300010
50300020
50300030
50300040
50300050
50300060
50300070
50300080
50300090
50301000
50301010
50301020
50301030
50301040
50301050
50301060
50301070
50301080
50301090
50302000
50302010
50302020
50302030
50302040
50302050
50302060
50302070
50302080
50302090
50303000
50303010
50303020
50303030
50303040
50303050
50303060
50303070
50303080
50303090
50304000
50304010
50304020
50304030
50304040
50304050
50304060
50304070
50304080
50304090
50305000
50305010
50305020
50305030
50305040
50305050
50305060
50305070
50305080
50305090
50306000
50306010
50306020
50306030
50306040
50306050
50306060
50306070
50306080
50306090
50307000
50307010
50307020
50307030
50307040
50307050
50307060
50307070
50307080
50307090
50308000
50308010
50308020
50308030
50308040
50308050
50308060
50308070
50308080
50308090
50309000
50309010
50309020
50309030
50309040
50309050
50309060
50309070
50309080
50309090
50400000
50400010
50400020
50400030
50400040
50400050
50400060
50400070
50400080
50400090
50401000
50401010
50401020
50401030
50401040
50401050
50401060
50401070
50401080
50401090
50402000
50402010
50402020
50402030
50402040
50402050
50402060
50402070
50402080
50402090
50403000
50403010
50403020
50403030
50403040
50403050
50403060
50403070
50403080
50403090
50404000
50404010
50404020
50404030
50404040
50404050
50404060
50404070
50404080
50404090
50405000
50405010
50405020
50405030
50405040
50405050
50405060
50405070
50405080
50405090
50406000
50406010
50406020
50406030
50406040
50406050
50406060
50406070
50406080
50406090
50407000
50407010
50407020
50407030
50407040
50407050
50407060
50407070
50407080
50407090
50408000
50408010
50408020
50408030
50408040
50408050
50408060
50408070
50408080
50408090
50409000
50409010
50409020
50409030
50409040
50409050
50409060
50409070
50409080
50409090
50500000
50500010
50500020
50500030
50500040
50500050
50500060
50500070
50500080
50500090
50501000
50501010
50501020
50501030
50501040
50501050
50501060
50501070
50501080
50501090
50502000
50502010
50502020
50502030
50502040
50502050
50502060
50502070
50502080
50502090
50503000
50503010
50503020
50503030
50503040
50503050
50503060
50503070
50503080
50503090
50504000
50504010
50504020
50504030
50504040
50504050
50504060
50504070
50504080
50504090
50505000
50505010
50505020
50505030
50505040
50505050
50505060
50505070
50505080
50505090
50506000
50506010
50506020
50506030
50506040
50506050
50506060
50506070
50506080
50506090
50507000
50507010
50507020
50507030
50507040
50507050
50507060
50507070
50507080
50507090
50508000
50508010
50508020
50508030
50508040
50508050
50508060
50508070
50508080
50508090
50509000
50509010
50509020
50509030
50509040
50509050
50509060
50509070
50509080
50509090
50600000
50600010
50600020
50600030
50600040
50600050
50600060
50600070
50600080
50600090
50601000
50601010
50601020
50601030
50601040
50601050
50601060
50601070
50601080
50601090
50602000
50602010
50602020
50602030
50602040
50602050
50602060
50602070
50602080
50602090
50603000
50603010
50603020
50603030
50603040
50603050
50603060
50603070
50603080
50603090
50604000
50604010
50604020
50604030
50604040
50604050
50604060
50604070
50604080
50604090
50605000
50605010
50605020
50605030
50605040
50605050
50605060
50605070
50605080
50605090
50606000
50606010
50606020
50606030
50606040
50606050
50606060
50606070
50606080
50606090
50607000
50607010
50607020
50607030
50607040
50607050
50607060
50607070
50607080
50607090
50608000
50608010
50608020
50608030
50608040
50608050
50608060
50608070
50608080
50608090
50609000
50609010
50609020
50609030
50609040
50609050
50609060
50609070
50609080
50609090
50700000
50700010
50700020
50700030
50700040
50700050
50700060
50700070
50700080
50700090
50701000
50701010
50701020
50701030
50701040
50701050
50701060
50701070
50701080
50701090
50702000
50702010
50702020
50702030
50702040
50702050
50702060
50702070
50702080
50702090
50703000
50703010
50703020
50703030
50703040
50703050
50703060
50703070
50703080
50703090
50704000
50704010
50704020
50704030
50704040
50704050
50704060
50704070
50704080
50704090
50705000
50705010
50705020
50705030
50705040
50705050
50705060
50705070
50705080
50705090
50706000
50706010
50706020
50706030
50706040
50706050
50706060
50706070
50706080
50706090
50707000
50707010
50707020
50707030
50707040
50707050
50707060
50707070
50707080
50707090
50708000
50708010
50708020
50708030
50708040
50708050
50708060
50708070
50708080
50708090
50709000
50709010
50709020
50709030
50709040
50709050
50709060
50709070
50709080
50709090
50800000
50800010
50800020
50800030
50800040
50800050
50800060
50800070
50800080
50800090
50801000
50801010
50801020
50801030
50801040
50801050
50801060
50801070
50801080
50801090
50802000
50802010
50802020
50802030
50802040
50802050
50802060
50802070
50802080
50802090
50803000
50803010
50803020
50803030
50803040
50803050
50803060
50803070
50803080
50803090
50804000
50804010
50804020
50804030
50804040
50804050
50804060
50804070
50804080
50804090
50805000
50805010
50805020
50805030
50805040
50805050
50805060
50805070
50805080
50805090
50806000
50806010
50806020
50806030
50806040
50806050
50806060
50806070
50806080
50806090
50807000
50807010
50807020
50807030
50807040
50807050
50807060
50807070
50807080
50807090
50808000
50808010
50808020
50808030
50808040
50808050
50808060
50808070
50808080
50808090
50809000
50809010
50809020
50809030
50809040
50809050
50809060
50809070
50809080
50809090
50900000
50900010
50900020
50900030
50900040
50900050
50900060
50900070
50900080
50900090
50901000
50901010
50901020
50901030
50901040
50901050
50901060
50901070
50901080
50901090
50902000
50902010
50902020
50902030
50902040
50902050
50902060
50902070
50902080
50902090
50903000
50903010
50903020
50903030
50903040
50903050
50903060
50903070
50903080
50903090
50904000
50904010
50904020
50904030
50904040
50904050
50904060
50904070
50904080
50904090
50905000
50905010
50905020
50905030
50905040
50905050
50905060
50905070
50905080
50905090
50906000
50906010
50906020
50906030
50906040
50906050
50906060
50906070
50906080
50906090
50907000
50907010
50907020
50907030
50907040
50907050
50907060
50907070
50907080
50907090
50908000
50908010
50908020
50908030
50908040
50908050
50908060
50908070
50908080
50908090
50909000
50909010
50909020
50909030
50909040
50909050
50909060
50909070
50909080
50909090
60000000
60000010
60000020
60000030
60000040
60000050
60000060
60000070
60000080
60000090
60001000
60001010
60001020
60001030
60001040
60001050
60001060
60001070
60001080
60001090
60002000
60002010
60002020
60002030
60002040
60002050
60002060
60002070
60002080
60002090
60003000
60003010
60003020
60003030
60003040
60003050
60003060
60003070
60003080
60003090
60004000
60004010
60004020
60004030
60004040
60004050
60004060
60004070
60004080
60004090
60005000
60005010
60005020
60005030
60005040
60005050
60005060
60005070
60005080
60005090
60006000
60006010
60006020
60006030
60006040
60006050
60006060
60006070
60006080
60006090
60007000
60007010
60007020
60007030
60007040
60007050
60007060
60007070
60007080
60007090
60008000
60008010
60008020
60008030
60008040
60008050
60008060
60008070
60008080
60008090
60009000
60009010
60009020
60009030
60009040
60009050
60009060
60009070
60009080
60009090
60100000
60100010
60100020
60100030
60100040
60100050
60100060
60100070
60100080
60100090
60101000
60101010
60101020
60101030
60101040
60101050
60101060
60101070
60101080
60101090
60102000
60102010
60102020
60102030
60102040
60102050
60102060
60102070
60102080
60102090
60103000
60103010
60103020
60103030
60103040
60103050
60103060
60103070
60103080
60103090
60104000
60104010
60104020
60104030
60104040
60104050
60104060
60104070
60104080
60104090
60105000
60105010
60105020
60105030
60105040
60105050
60105060
60105070
60105080
60105090
60106000
60106010
60106020
60106030
60106040
60106050
60106060
60106070
60106080
60106090
60107000
60107010
60107020
60107030
60107040
60107050
60107060
60107070
60107080
60107090
60108000
60108010
60108020
60108030
60108040
60108050
60108060
60108070
60108080
60108090
60109000
60109010
60109020
60109030
60109040
60109050
60109060
60109070
60109080
60109090
60200000
60200010
60200020
60200030
60200040
60200050
60200060
60200070
60200080
60200090
60201000
60201010
60201020
60201030
60201040
60201050
60201060
60201070
60201080
60201090
60202000
60202010
60202020
60202030
60202040
60202050
60202060
60202070
60202080
60202090
60203000
60203010
60203020
60203030
60203040
60203050
60203060
60203070
60203080
60203090
60204000
60204010
60204020
60204030
60204040
60204050
60204060
60204070
60204080
60204090
60205000
60205010
60205020
60205030
60205040
60205050
60205060
60205070
60205080
60205090
60206000
60206010
60206020
60206030
60206040
60206050
60206060
60206070
60206080
60206090
60207000
60207010
60207020
60207030
60207040
60207050
60207060
60207070
60207080
60207090
60208000
60208010
60208020
60208030
60208040
60208050
60208060
60208070
60208080
60208090
60209000
60209010
60209020
60209030
60209040
60209050
60209060
60209070
60209080
60209090
60300000
60300010
60300020
60300030
60300040
60300050
60300060
60300070
60300080
60300090
60301000
60301010
60301020
60301030
60301040
60301050
60301060
60301070
60301080
60301090
60302000
60302010
60302020
60302030
60302040
60302050
60302060
60302070
60302080
60302090
60303000
60303010
60303020
60303030
60303040
60303050
60303060
60303070
60303080
60303090
60304000
60304010
60304020
60304030
60304040
60304050
60304060
60304070
60304080
60304090
60305000
60305010
60305020
60305030
60305040
60305050
60305060
60305070
60305080
60305090
60306000
60306010
60306020
60306030
60306040
60306050
60306060
60306070
60306080
60306090
60307000
60307010
60307020
60307030
60307040
60307050
60307060
60307070
60307080
60307090
60308000
60308010
60308020
60308030
60308040
60308050
60308060
60308070
60308080
60308090
60309000
60309010
60309020
60309030
60309040
60309050
60309060
60309070
60309080
60309090
60400000
60400010
60400020
60400030
60400040
60400050
60400060
60400070
60400080
60400090
60401000
60401010
60401020
60401030
60401040
60401050
60401060
60401070
60401080
60401090
60402000
60402010
60402020
60402030
60402040
60402050
60402060
60402070
60402080
60402090
60403000
60403010
60403020
60403030
60403040
60403050
60403060
60403070
60403080
60403090
60404000
60404010
60404020
60404030
60404040
60404050
60404060
60404070
60404080
60404090
60405000
60405010
60405020
60405030
60405040
60405050
60405060
60405070
60405080
60405090
60406000
60406010
60406020
60406030
60406040
60406050
60406060
60406070
60406080
60406090
60407000
60407010
60407020
60407030
60407040
60407050
60407060
60407070
60407080
60407090
60408000
60408010
60408020
60408030
60408040
60408050
60408060
60408070
60408080
60408090
60409000
60409010
60409020
60409030
60409040
60409050
60409060
60409070
60409080
60409090
60500000
60500010
60500020
60500030
60500040
60500050
60500060
60500070
60500080
60500090
60501000
60501010
60501020
60501030
60501040
60501050
60501060
60501070
60501080
60501090
60502000
60502010
60502020
60502030
60502040
60502050
60502060
60502070
60502080
60502090
60503000
60503010
60503020
60503030
60503040
60503050
60503060
60503070
60503080
60503090
60504000
60504010
60504020
60504030
60504040
60504050
60504060
60504070
60504080
60504090
60505000
60505010
60505020
60505030
60505040
60505050
60505060
60505070
60505080
60505090
60506000
60506010
60506020
60506030
60506040
60506050
60506060
60506070
60506080
60506090
60507000
60507010
60507020
60507030
60507040
60507050
60507060
60507070
60507080
60507090
60508000
60508010
60508020
60508030
60508040
60508050
60508060
60508070
60508080
60508090
60509000
60509010
60509020
60509030
60509040
60509050
60509060
60509070
60509080
60509090
60600000
60600010
60600020
60600030
60600040
60600050
60600060
60600070
60600080
60600090
60601000
60601010
60601020
60601030
60601040
60601050
60601060
60601070
60601080
60601090
60602000
60602010
60602020
60602030
60602040
60602050
60602060
60602070
60602080
60602090
60603000
60603010
60603020
60603030
60603040
60603050
60603060
60603070
60603080
60603090
60604000
60604010
60604020
60604030
60604040
60604050
60604060
60604070
60604080
60604090
60605000
60605010
60605020
60605030
60605040
60605050
60605060
60605070
60605080
60605090
60606000
60606010
60606020
60606030
60606040
60606050
60606060
60606070
60606080
60606090
60607000
60607010
60607020
60607030
60607040
60607050
60607060
60607070
60607080
60607090
60608000
60608010
60608020
60608030
60608040
60608050
60608060
60608070
60608080
60608090
60609000
60609010
60609020
60609030
60609040
60609050
60609060
60609070
60609080
60609090
60700000
60700010
60700020
60700030
60700040
60700050
60700060
60700070
60700080
60700090
60701000
60701010
60701020
60701030
60701040
60701050
60701060
60701070
60701080
60701090
60702000
60702010
60702020
60702030
60702040
60702050
60702060
60702070
60702080
60702090
60703000
60703010
60703020
60703030
60703040
60703050
60703060
60703070
60703080
60703090
60704000
60704010
60704020
60704030
60704040
60704050
60704060
60704070
60704080
60704090
60705000
60705010
60705020
60705030
60705040
60705050
60705060
60705070
60705080
60705090
60706000
60706010
60706020
60706030
60706040
60706050
60706060
60706070
60706080
60706090
60707000
60707010
60707020
60707030
60707040
60707050
60707060
60707070
60707080
60707090
60708000
60708010
60708020
60708030
60708040
60708050
60708060
60708070
60708080
60708090
60709000
60709010
60709020
60709030
60709040
60709050
60709060
60709070
60709080
60709090
60800000
60800010
60800020
60800030
60800040
60800050
60800060
60800070
60800080
60800090
60801000
60801010
60801020
60801030
60801040
60801050
60801060
60801070
60801080
60801090
60802000
60802010
60802020
60802030
60802040
60802050
60802060
60802070
60802080
60802090
60803000
60803010
60803020
60803030
60803040
60803050
60803060
60803070
60803080
60803090
60804000
60804010
60804020
60804030
60804040
60804050
60804060
60804070
60804080
60804090
60805000
60805010
60805020
60805030
60805040
60805050
60805060
60805070
60805080
60805090
60806000
60806010
60806020
60806030
60806040
60806050
60806060
60806070
60806080
60806090
60807000
60807010
60807020
60807030
60807040
60807050
60807060
60807070
60807080
60807090
60808000
60808010
60808020
60808030
60808040
60808050
60808060
60808070
60808080
60808090
60809000
60809010
60809020
60809030
60809040
60809050
60809060
60809070
60809080
60809090
60900000
60900010
60900020
60900030
60900040
60900050
60900060
60900070
60900080
60900090
60901000
60901010
60901020
60901030
60901040
60901050
60901060
60901070
60901080
60901090
60902000
60902010
60902020
60902030
60902040
60902050
60902060
60902070
60902080
60902090
60903000
60903010
60903020
60903030
60903040
60903050
60903060
60903070
60903080
60903090
60904000
60904010
60904020
60904030
60904040
60904050
60904060
60904070
60904080
60904090
60905000
60905010
60905020
60905030
60905040
60905050
60905060
60905070
60905080
60905090
60906000
60906010
60906020
60906030
60906040
60906050
60906060
60906070
60906080
60906090
60907000
60907010
60907020
60907030
60907040
60907050
60907060
60907070
60907080
60907090
60908000
60908010
60908020
60908030
60908040
60908050
60908060
60908070
60908080
60908090
60909000
60909010
60909020
60909030
60909040
60909050
60909060
60909070
60909080
60909090
70000000
70000010
70000020
70000030
70000040
70000050
70000060
70000070
70000080
70000090
70001000
70001010
70001020
70001030
70001040
70001050
70001060
70001070
70001080
70001090
70002000
70002010
70002020
70002030
70002040
70002050
70002060
70002070
70002080
70002090
70003000
70003010
70003020
70003030
70003040
70003050
70003060
70003070
70003080
70003090
70004000
70004010
70004020
70004030
70004040
70004050
70004060
70004070
70004080
70004090
70005000
70005010
70005020
70005030
70005040
70005050
70005060
70005070
70005080
70005090
70006000
70006010
70006020
70006030
70006040
70006050
70006060
70006070
70006080
70006090
70007000
70007010
70007020
70007030
70007040
70007050
70007060
70007070
70007080
70007090
70008000
70008010
70008020
70008030
70008040
70008050
70008060
70008070
70008080
70008090
70009000
70009010
70009020
70009030
70009040
70009050
70009060
70009070
70009080
70009090
70100000
70100010
70100020
70100030
70100040
70100050
70100060
70100070
70100080
70100090
70101000
70101010
70101020
70101030
70101040
70101050
70101060
70101070
70101080
70101090
70102000
70102010
70102020
70102030
70102040
70102050
70102060
70102070
70102080
70102090
70103000
70103010
70103020
70103030
70103040
70103050
70103060
70103070
70103080
70103090
70104000
70104010
70104020
70104030
70104040
70104050
70104060
70104070
70104080
70104090
70105000
70105010
70105020
70105030
70105040
70105050
70105060
70105070
70105080
70105090
70106000
70106010
70106020
70106030
70106040
70106050
70106060
70106070
70106080
70106090
70107000
70107010
70107020
70107030
70107040
70107050
70107060
70107070
70107080
70107090
70108000
70108010
70108020
70108030
70108040
70108050
70108060
70108070
70108080
70108090
70109000
70109010
70109020
70109030
70109040
70109050
70109060
70109070
70109080
70109090
70200000
70200010
70200020
70200030
70200040
70200050
70200060
70200070
70200080
70200090
70201000
70201010
70201020
70201030
70201040
70201050
70201060
70201070
70201080
70201090
70202000
70202010
70202020
70202030
70202040
70202050
70202060
70202070
70202080
70202090
70203000
70203010
70203020
70203030
70203040
70203050
70203060
70203070
70203080
70203090
70204000
70204010
70204020
70204030
70204040
70204050
70204060
70204070
70204080
70204090
70205000
70205010
70205020
70205030
70205040
70205050
70205060
70205070
70205080
70205090
70206000
70206010
70206020
70206030
70206040
70206050
70206060
70206070
70206080
70206090
70207000
70207010
70207020
70207030
70207040
70207050
70207060
70207070
70207080
70207090
70208000
70208010
70208020
70208030
70208040
70208050
70208060
70208070
70208080
70208090
70209000
70209010
70209020
70209030
70209040
70209050
70209060
70209070
70209080
70209090
70300000
70300010
70300020
70300030
70300040
70300050
70300060
70300070
70300080
70300090
70301000
70301010
70301020
70301030
70301040
70301050
70301060
70301070
70301080
70301090
70302000
70302010
70302020
70302030
70302040
70302050
70302060
70302070
70302080
70302090
70303000
70303010
70303020
70303030
70303040
70303050
70303060
70303070
70303080
70303090
70304000
70304010
70304020
70304030
70304040
70304050
70304060
70304070
70304080
70304090
70305000
70305010
70305020
70305030
70305040
70305050
70305060
70305070
70305080
70305090
70306000
70306010
70306020
70306030
70306040
70306050
70306060
70306070
70306080
70306090
70307000
70307010
70307020
70307030
70307040
70307050
70307060
70307070
70307080
70307090
70308000
70308010
70308020
70308030
70308040
70308050
70308060
70308070
70308080
70308090
70309000
70309010
70309020
70309030
70309040
70309050
70309060
70309070
70309080
70309090
70400000
70400010
70400020
70400030
70400040
70400050
70400060
70400070
70400080
70400090
70401000
70401010
70401020
70401030
70401040
70401050
70401060
70401070
70401080
70401090
70402000
70402010
70402020
70402030
70402040
70402050
70402060
70402070
70402080
70402090
70403000
70403010
70403020
70403030
70403040
70403050
70403060
70403070
70403080
70403090
70404000
70404010
70404020
70404030
70404040
70404050
70404060
70404070
70404080
70404090
70405000
70405010
70405020
70405030
70405040
70405050
70405060
70405070
70405080
70405090
70406000
70406010
70406020
70406030
70406040
70406050
70406060
70406070
70406080
70406090
70407000
70407010
70407020
70407030
70407040
70407050
70407060
70407070
70407080
70407090
70408000
70408010
70408020
70408030
70408040
70408050
70408060
70408070
70408080
70408090
70409000
70409010
70409020
70409030
70409040
70409050
70409060
70409070
70409080
70409090
70500000
70500010
70500020
70500030
70500040
70500050
70500060
70500070
70500080
70500090
70501000
70501010
70501020
70501030
70501040
70501050
70501060
70501070
70501080
70501090
70502000
70502010
70502020
70502030
70502040
70502050
70502060
70502070
70502080
70502090
70503000
70503010
70503020
70503030
70503040
70503050
70503060
70503070
70503080
70503090
70504000
70504010
70504020
70504030
70504040
70504050
70504060
70504070
70504080
70504090
70505000
70505010
70505020
70505030
70505040
70505050
70505060
70505070
70505080
70505090
70506000
70506010
70506020
70506030
70506040
70506050
70506060
70506070
70506080
70506090
70507000
70507010
70507020
70507030
70507040
70507050
70507060
70507070
70507080
70507090
70508000
70508010
70508020
70508030
70508040
70508050
70508060
70508070
70508080
70508090
70509000
70509010
70509020
70509030
70509040
70509050
70509060
70509070
70509080
70509090
70600000
70600010
70600020
70600030
70600040
70600050
70600060
70600070
70600080
70600090
70601000
70601010
70601020
70601030
70601040
70601050
70601060
70601070
70601080
70601090
70602000
70602010
70602020
70602030
70602040
70602050
70602060
70602070
70602080
70602090
70603000
70603010
70603020
70603030
70603040
70603050
70603060
70603070
70603080
70603090
70604000
70604010
70604020
70604030
70604040
70604050
70604060
70604070
70604080
70604090
70605000
70605010
70605020
70605030
70605040
70605050
70605060
70605070
70605080
70605090
70606000
70606010
70606020
70606030
70606040
70606050
70606060
70606070
70606080
70606090
70607000
70607010
70607020
70607030
70607040
70607050
70607060
70607070
70607080
70607090
70608000
70608010
70608020
70608030
70608040
70608050
70608060
70608070
70608080
70608090
70609000
70609010
70609020
70609030
70609040
70609050
70609060
70609070
70609080
70609090
70700000
70700010
70700020
70700030
70700040
70700050
70700060
70700070
70700080
70700090
70701000
70701010
70701020
70701030
70701040
70701050
70701060
70701070
70701080
70701090
70702000
70702010
70702020
70702030
70702040
70702050
70702060
70702070
70702080
70702090
70703000
70703010
70703020
70703030
70703040
70703050
70703060
70703070
70703080
70703090
70704000
70704010
70704020
70704030
70704040
70704050
70704060
70704070
70704080
70704090
70705000
70705010
70705020
70705030
70705040
70705050
70705060
70705070
70705080
70705090
70706000
70706010
70706020
70706030
70706040
70706050
70706060
70706070
70706080
70706090
70707000
70707010
70707020
70707030
70707040
70707050
70707060
70707070
70707080
70707090
70708000
70708010
70708020
70708030
70708040
70708050
70708060
70708070
70708080
70708090
70709000
70709010
70709020
70709030
70709040
70709050
70709060
70709070
70709080
70709090
70800000
70800010
70800020
70800030
70800040
70800050
70800060
70800070
70800080
70800090
70801000
70801010
70801020
70801030
70801040
70801050
70801060
70801070
70801080
70801090
70802000
70802010
70802020
70802030
70802040
70802050
70802060
70802070
70802080
70802090
70803000
70803010
70803020
70803030
70803040
70803050
70803060
70803070
70803080
70803090
70804000
70804010
70804020
70804030
70804040
70804050
70804060
70804070
70804080
70804090
70805000
70805010
70805020
70805030
70805040
70805050
70805060
70805070
70805080
70805090
70806000
70806010
70806020
70806030
70806040
70806050
70806060
70806070
70806080
70806090
70807000
70807010
70807020
70807030
70807040
70807050
70807060
70807070
70807080
70807090
70808000
70808010
70808020
70808030
70808040
70808050
70808060
70808070
70808080
70808090
70809000
70809010
70809020
70809030
70809040
70809050
70809060
70809070
70809080
70809090
70900000
70900010
70900020
70900030
70900040
70900050
70900060
70900070
70900080
70900090
70901000
70901010
70901020
70901030
70901040
70901050
70901060
70901070
70901080
70901090
70902000
70902010
70902020
70902030
70902040
70902050
70902060
70902070
70902080
70902090
70903000
70903010
70903020
70903030
70903040
70903050
70903060
70903070
70903080
70903090
70904000
70904010
70904020
70904030
70904040
70904050
70904060
70904070
70904080
70904090
70905000
70905010
70905020
70905030
70905040
70905050
70905060
70905070
70905080
70905090
70906000
70906010
70906020
70906030
70906040
70906050
70906060
70906070
70906080
70906090
70907000
70907010
70907020
70907030
70907040
70907050
70907060
70907070
70907080
70907090
70908000
70908010
70908020
70908030
70908040
70908050
70908060
70908070
70908080
70908090
70909000
70909010
70909020
70909030
70909040
70909050
70909060
70909070
70909080
70909090
80000000
80000010
80000020
80000030
80000040
80000050
80000060
80000070
80000080
80000090
80001000
80001010
80001020
80001030
80001040
80001050
80001060
80001070
80001080
80001090
80002000
80002010
80002020
80002030
80002040
80002050
80002060
80002070
80002080
80002090
80003000
80003010
80003020
80003030
80003040
80003050
80003060
80003070
80003080
80003090
80004000
80004010
80004020
80004030
80004040
80004050
80004060
80004070
80004080
80004090
80005000
80005010
80005020
80005030
80005040
80005050
80005060
80005070
80005080
80005090
80006000
80006010
80006020
80006030
80006040
80006050
80006060
80006070
80006080
80006090
80007000
80007010
80007020
80007030
80007040
80007050
80007060
80007070
80007080
80007090
80008000
80008010
80008020
80008030
80008040
80008050
80008060
80008070
80008080
80008090
80009000
80009010
80009020
80009030
80009040
80009050
80009060
80009070
80009080
80009090
80100000
80100010
80100020
80100030
80100040
80100050
80100060
80100070
80100080
80100090
80101000
80101010
80101020
80101030
80101040
80101050
80101060
80101070
80101080
80101090
80102000
80102010
80102020
80102030
80102040
80102050
80102060
80102070
80102080
80102090
80103000
80103010
80103020
80103030
80103040
80103050
80103060
80103070
80103080
80103090
80104000
80104010
80104020
80104030
80104040
80104050
80104060
80104070
80104080
80104090
80105000
80105010
80105020
80105030
80105040
80105050
80105060
80105070
80105080
80105090
80106000
80106010
80106020
80106030
80106040
80106050
80106060
80106070
80106080
80106090
80107000
80107010
80107020
80107030
80107040
80107050
80107060
80107070
80107080
80107090
80108000
80108010
80108020
80108030
80108040
80108050
80108060
80108070
80108080
80108090
80109000
80109010
80109020
80109030
80109040
80109050
80109060
80109070
80109080
80109090
80200000
80200010
80200020
80200030
80200040
80200050
80200060
80200070
80200080
80200090
80201000
80201010
80201020
80201030
80201040
80201050
80201060
80201070
80201080
80201090
80202000
80202010
80202020
80202030
80202040
80202050
80202060
80202070
80202080
80202090
80203000
80203010
80203020
80203030
80203040
80203050
80203060
80203070
80203080
80203090
80204000
80204010
80204020
80204030
80204040
80204050
80204060
80204070
80204080
80204090
80205000
80205010
80205020
80205030
80205040
80205050
80205060
80205070
80205080
80205090
80206000
80206010
80206020
80206030
80206040
80206050
80206060
80206070
80206080
80206090
80207000
80207010
80207020
80207030
80207040
80207050
80207060
80207070
80207080
80207090
80208000
80208010
80208020
80208030
80208040
80208050
80208060
80208070
80208080
80208090
80209000
80209010
80209020
80209030
80209040
80209050
80209060
80209070
80209080
80209090
80300000
80300010
80300020
80300030
80300040
80300050
80300060
80300070
80300080
80300090
80301000
80301010
80301020
80301030
80301040
80301050
80301060
80301070
80301080
80301090
80302000
80302010
80302020
80302030
80302040
80302050
80302060
80302070
80302080
80302090
80303000
80303010
80303020
80303030
80303040
80303050
80303060
80303070
80303080
80303090
80304000
80304010
80304020
80304030
80304040
80304050
80304060
80304070
80304080
80304090
80305000
80305010
80305020
80305030
80305040
80305050
80305060
80305070
80305080
80305090
80306000
80306010
80306020
80306030
80306040
80306050
80306060
80306070
80306080
80306090
80307000
80307010
80307020
80307030
80307040
80307050
80307060
80307070
80307080
80307090
80308000
80308010
80308020
80308030
80308040
80308050
80308060
80308070
80308080
80308090
80309000
80309010
80309020
80309030
80309040
80309050
80309060
80309070
80309080
80309090
80400000
80400010
80400020
80400030
80400040
80400050
80400060
80400070
80400080
80400090
80401000
80401010
80401020
80401030
80401040
80401050
80401060
80401070
80401080
80401090
80402000
80402010
80402020
80402030
80402040
80402050
80402060
80402070
80402080
80402090
80403000
80403010
80403020
80403030
80403040
80403050
80403060
80403070
80403080
80403090
80404000
80404010
80404020
80404030
80404040
80404050
80404060
80404070
80404080
80404090
80405000
80405010
80405020
80405030
80405040
80405050
80405060
80405070
80405080
80405090
80406000
80406010
80406020
80406030
80406040
80406050
80406060
80406070
80406080
80406090
80407000
80407010
80407020
80407030
80407040
80407050
80407060
80407070
80407080
80407090
80408000
80408010
80408020
80408030
80408040
80408050
80408060
80408070
80408080
80408090
80409000
80409010
80409020
80409030
80409040
80409050
80409060
80409070
80409080
80409090
80500000
80500010
80500020
80500030
80500040
80500050
80500060
80500070
80500080
80500090
80501000
80501010
80501020
80501030
80501040
80501050
80501060
80501070
80501080
80501090
80502000
80502010
80502020
80502030
80502040
80502050
80502060
80502070
80502080
80502090
80503000
80503010
80503020
80503030
80503040
80503050
80503060
80503070
80503080
80503090
80504000
80504010
80504020
80504030
80504040
80504050
80504060
80504070
80504080
80504090
80505000
80505010
80505020
80505030
80505040
80505050
80505060
80505070
80505080
80505090
80506000
80506010
80506020
80506030
80506040
80506050
80506060
80506070
80506080
80506090
80507000
80507010
80507020
80507030
80507040
80507050
80507060
80507070
80507080
80507090
80508000
80508010
80508020
80508030
80508040
80508050
80508060
80508070
80508080
80508090
80509000
80509010
80509020
80509030
80509040
80509050
80509060
80509070
80509080
80509090
80600000
80600010
80600020
80600030
80600040
80600050
80600060
80600070
80600080
80600090
80601000
80601010
80601020
80601030
80601040
80601050
80601060
80601070
80601080
80601090
80602000
80602010
80602020
80602030
80602040
80602050
80602060
80602070
80602080
80602090
80603000
80603010
80603020
80603030
80603040
80603050
80603060
80603070
80603080
80603090
80604000
80604010
80604020
80604030
80604040
80604050
80604060
80604070
80604080
80604090
80605000
80605010
80605020
80605030
80605040
80605050
80605060
80605070
80605080
80605090
80606000
80606010
80606020
80606030
80606040
80606050
80606060
80606070
80606080
80606090
80607000
80607010
80607020
80607030
80607040
80607050
80607060
80607070
80607080
80607090
80608000
80608010
80608020
80608030
80608040
80608050
80608060
80608070
80608080
80608090
80609000
80609010
80609020
80609030
80609040
80609050
80609060
80609070
80609080
80609090
80700000
80700010
80700020
80700030
80700040
80700050
80700060
80700070
80700080
80700090
80701000
80701010
80701020
80701030
80701040
80701050
80701060
80701070
80701080
80701090
80702000
80702010
80702020
80702030
80702040
80702050
80702060
80702070
80702080
80702090
80703000
80703010
80703020
80703030
80703040
80703050
80703060
80703070
80703080
80703090
80704000
80704010
80704020
80704030
80704040
80704050
80704060
80704070
80704080
80704090
80705000
80705010
80705020
80705030
80705040
80705050
80705060
80705070
80705080
80705090
80706000
80706010
80706020
80706030
80706040
80706050
80706060
80706070
80706080
80706090
80707000
80707010
80707020
80707030
80707040
80707050
80707060
80707070
80707080
80707090
80708000
80708010
80708020
80708030
80708040
80708050
80708060
80708070
80708080
80708090
80709000
80709010
80709020
80709030
80709040
80709050
80709060
80709070
80709080
80709090
80800000
80800010
80800020
80800030
80800040
80800050
80800060
80800070
80800080
80800090
80801000
80801010
80801020
80801030
80801040
80801050
80801060
80801070
80801080
80801090
80802000
80802010
80802020
80802030
80802040
80802050
80802060
80802070
80802080
80802090
80803000
80803010
80803020
80803030
80803040
80803050
80803060
80803070
80803080
80803090
80804000
80804010
80804020
80804030
80804040
80804050
80804060
80804070
80804080
80804090
80805000
80805010
80805020
80805030
80805040
80805050
80805060
80805070
80805080
80805090
80806000
80806010
80806020
80806030
80806040
80806050
80806060
80806070
80806080
80806090
80807000
80807010
80807020
80807030
80807040
80807050
80807060
80807070
80807080
80807090
80808000
80808010
80808020
80808030
80808040
80808050
80808060
80808070
80808080
80808090
80809000
80809010
80809020
80809030
80809040
80809050
80809060
80809070
80809080
80809090
80900000
80900010
80900020
80900030
80900040
80900050
80900060
80900070
80900080
80900090
80901000
80901010
80901020
80901030
80901040
80901050
80901060
80901070
80901080
80901090
80902000
80902010
80902020
80902030
80902040
80902050
80902060
80902070
80902080
80902090
80903000
80903010
80903020
80903030
80903040
80903050
80903060
80903070
80903080
80903090
80904000
80904010
80904020
80904030
80904040
80904050
80904060
80904070
80904080
80904090
80905000
80905010
80905020
80905030
80905040
80905050
80905060
80905070
80905080
80905090
80906000
80906010
80906020
80906030
80906040
80906050
80906060
80906070
80906080
80906090
80907000
80907010
80907020
80907030
80907040
80907050
80907060
80907070
80907080
80907090
80908000
80908010
80908020
80908030
80908040
80908050
80908060
80908070
80908080
80908090
80909000
80909010
80909020
80909030
80909040
80909050
80909060
80909070
80909080
80909090
90000000
90000010
90000020
90000030
90000040
90000050
90000060
90000070
90000080
90000090
90001000
90001010
90001020
90001030
90001040
90001050
90001060
90001070
90001080
90001090
90002000
90002010
90002020
90002030
90002040
90002050
90002060
90002070
90002080
90002090
90003000
90003010
90003020
90003030
90003040
90003050
90003060
90003070
90003080
90003090
90004000
90004010
90004020
90004030
90004040
90004050
90004060
90004070
90004080
90004090
90005000
90005010
90005020
90005030
90005040
90005050
90005060
90005070
90005080
90005090
90006000
90006010
90006020
90006030
90006040
90006050
90006060
90006070
90006080
90006090
90007000
90007010
90007020
90007030
90007040
90007050
90007060
90007070
90007080
90007090
90008000
90008010
90008020
90008030
90008040
90008050
90008060
90008070
90008080
90008090
90009000
90009010
90009020
90009030
90009040
90009050
90009060
90009070
90009080
90009090
90100000
90100010
90100020
90100030
90100040
90100050
90100060
90100070
90100080
90100090
90101000
90101010
90101020
90101030
90101040
90101050
90101060
90101070
90101080
90101090
90102000
90102010
90102020
90102030
90102040
90102050
90102060
90102070
90102080
90102090
90103000
90103010
90103020
90103030
90103040
90103050
90103060
90103070
90103080
90103090
90104000
90104010
90104020
90104030
90104040
90104050
90104060
90104070
90104080
90104090
90105000
90105010
90105020
90105030
90105040
90105050
90105060
90105070
90105080
90105090
90106000
90106010
90106020
90106030
90106040
90106050
90106060
90106070
90106080
90106090
90107000
90107010
90107020
90107030
90107040
90107050
90107060
90107070
90107080
90107090
90108000
90108010
90108020
90108030
90108040
90108050
90108060
90108070
90108080
90108090
90109000
90109010
90109020
90109030
90109040
90109050
90109060
90109070
90109080
90109090
90200000
90200010
90200020
90200030
90200040
90200050
90200060
90200070
90200080
90200090
90201000
90201010
90201020
90201030
90201040
90201050
90201060
90201070
90201080
90201090
90202000
90202010
90202020
90202030
90202040
90202050
90202060
90202070
90202080
90202090
90203000
90203010
90203020
90203030
90203040
90203050
90203060
90203070
90203080
90203090
90204000
90204010
90204020
90204030
90204040
90204050
90204060
90204070
90204080
90204090
90205000
90205010
90205020
90205030
90205040
90205050
90205060
90205070
90205080
90205090
90206000
90206010
90206020
90206030
90206040
90206050
90206060
90206070
90206080
90206090
90207000
90207010
90207020
90207030
90207040
90207050
90207060
90207070
90207080
90207090
90208000
90208010
90208020
90208030
90208040
90208050
90208060
90208070
90208080
90208090
90209000
90209010
90209020
90209030
90209040
90209050
90209060
90209070
90209080
90209090
90300000
90300010
90300020
90300030
90300040
90300050
90300060
90300070
90300080
90300090
90301000
90301010
90301020
90301030
90301040
90301050
90301060
90301070
90301080
90301090
90302000
90302010
90302020
90302030
90302040
90302050
90302060
90302070
90302080
90302090
90303000
90303010
90303020
90303030
90303040
90303050
90303060
90303070
90303080
90303090
90304000
90304010
90304020
90304030
90304040
90304050
90304060
90304070
90304080
90304090
90305000
90305010
90305020
90305030
90305040
90305050
90305060
90305070
90305080
90305090
90306000
90306010
90306020
90306030
90306040
90306050
90306060
90306070
90306080
90306090
90307000
90307010
90307020
90307030
90307040
90307050
90307060
90307070
90307080
90307090
90308000
90308010
90308020
90308030
90308040
90308050
90308060
90308070
90308080
90308090
90309000
90309010
90309020
90309030
90309040
90309050
90309060
90309070
90309080
90309090
90400000
90400010
90400020
90400030
90400040
90400050
90400060
90400070
90400080
90400090
90401000
90401010
90401020
90401030
90401040
90401050
90401060
90401070
90401080
90401090
90402000
90402010
90402020
90402030
90402040
90402050
90402060
90402070
90402080
90402090
90403000
90403010
90403020
90403030
90403040
90403050
90403060
90403070
90403080
90403090
90404000
90404010
90404020
90404030
90404040
90404050
90404060
90404070
90404080
90404090
90405000
90405010
90405020
90405030
90405040
90405050
90405060
90405070
90405080
90405090
90406000
90406010
90406020
90406030
90406040
90406050
90406060
90406070
90406080
90406090
90407000
90407010
90407020
90407030
90407040
90407050
90407060
90407070
90407080
90407090
90408000
90408010
90408020
90408030
90408040
90408050
90408060
90408070
90408080
90408090
90409000
90409010
90409020
90409030
90409040
90409050
90409060
90409070
90409080
90409090
90500000
90500010
90500020
90500030
90500040
90500050
90500060
90500070
90500080
90500090
90501000
90501010
90501020
90501030
90501040
90501050
90501060
90501070
90501080
90501090
90502000
90502010
90502020
90502030
90502040
90502050
90502060
90502070
90502080
90502090
90503000
90503010
90503020
90503030
90503040
90503050
90503060
90503070
90503080
90503090
90504000
90504010
90504020
90504030
90504040
90504050
90504060
90504070
90504080
90504090
90505000
90505010
90505020
90505030
90505040
90505050
90505060
90505070
90505080
90505090
90506000
90506010
90506020
90506030
90506040
90506050
90506060
90506070
90506080
90506090
90507000
90507010
90507020
90507030
90507040
90507050
90507060
90507070
90507080
90507090
90508000
90508010
90508020
90508030
90508040
90508050
90508060
90508070
90508080
90508090
90509000
90509010
90509020
90509030
90509040
90509050
90509060
90509070
90509080
90509090
90600000
90600010
90600020
90600030
90600040
90600050
90600060
90600070
90600080
90600090
90601000
90601010
90601020
90601030
90601040
90601050
90601060
90601070
90601080
90601090
90602000
90602010
90602020
90602030
90602040
90602050
90602060
90602070
90602080
90602090
90603000
90603010
90603020
90603030
90603040
90603050
90603060
90603070
90603080
90603090
90604000
90604010
90604020
90604030
90604040
90604050
90604060
90604070
90604080
90604090
90605000
90605010
90605020
90605030
90605040
90605050
90605060
90605070
90605080
90605090
90606000
90606010
90606020
90606030
90606040
90606050
90606060
90606070
90606080
90606090
90607000
90607010
90607020
90607030
90607040
90607050
90607060
90607070
90607080
90607090
90608000
90608010
90608020
90608030
90608040
90608050
90608060
90608070
90608080
90608090
90609000
90609010
90609020
90609030
90609040
90609050
90609060
90609070
90609080
90609090
90700000
90700010
90700020
90700030
90700040
90700050
90700060
90700070
90700080
90700090
90701000
90701010
90701020
90701030
90701040
90701050
90701060
90701070
90701080
90701090
90702000
90702010
90702020
90702030
90702040
90702050
90702060
90702070
90702080
90702090
90703000
90703010
90703020
90703030
90703040
90703050
90703060
90703070
90703080
90703090
90704000
90704010
90704020
90704030
90704040
90704050
90704060
90704070
90704080
90704090
90705000
90705010
90705020
90705030
90705040
90705050
90705060
90705070
90705080
90705090
90706000
90706010
90706020
90706030
90706040
90706050
90706060
90706070
90706080
90706090
90707000
90707010
90707020
90707030
90707040
90707050
90707060
90707070
90707080
90707090
90708000
90708010
90708020
90708030
90708040
90708050
90708060
90708070
90708080
90708090
90709000
90709010
90709020
90709030
90709040
90709050
90709060
90709070
90709080
90709090
90800000
90800010
90800020
90800030
90800040
90800050
90800060
90800070
90800080
90800090
90801000
90801010
90801020
90801030
90801040
90801050
90801060
90801070
90801080
90801090
90802000
90802010
90802020
90802030
90802040
90802050
90802060
90802070
90802080
90802090
90803000
90803010
90803020
90803030
90803040
90803050
90803060
90803070
90803080
90803090
90804000
90804010
90804020
90804030
90804040
90804050
90804060
90804070
90804080
90804090
90805000
90805010
90805020
90805030
90805040
90805050
90805060
90805070
90805080
90805090
90806000
90806010
90806020
90806030
90806040
90806050
90806060
90806070
90806080
90806090
90807000
90807010
90807020
90807030
90807040
90807050
90807060
90807070
90807080
90807090
90808000
90808010
90808020
90808030
90808040
90808050
90808060
90808070
90808080
90808090
90809000
90809010
90809020
90809030
90809040
90809050
90809060
90809070
90809080
90809090
90900000
90900010
90900020
90900030
90900040
90900050
90900060
90900070
90900080
90900090
90901000
90901010
90901020
90901030
90901040
90901050
90901060
90901070
90901080
90901090
90902000
90902010
90902020
90902030
90902040
90902050
90902060
90902070
90902080
90902090
90903000
90903010
90903020
90903030
90903040
90903050
90903060
90903070
90903080
90903090
90904000
90904010
90904020
90904030
90904040
90904050
90904060
90904070
90904080
90904090
90905000
90905010
90905020
90905030
90905040
90905050
90905060
90905070
90905080
90905090
90906000
90906010
90906020
90906030
90906040
90906050
90906060
90906070
90906080
90906090
90907000
90907010
90907020
90907030
90907040
90907050
90907060
90907070
90907080
90907090
90908000
90908010
90908020
90908030
90908040
90908050
90908060
90908070
90908080
90908090
90909000
90909010
90909020
90909030
90909040
90909050
90909060
90909070
90909080
90909090