00010203
01020304
02030405
03040506
04050607
05060708
06070809
07080910
08091011
09101112
10111213
11121314
12131415
13141516
14151617
15161718
16171819
17181920
18192021
19202122
20212223
21222324
22232425
23242526
24252627
25262728
26272829
27282930
28293031
29303132
30313233
31323334
32333435
33343536
34353637
35363738
36373839
37383940
38394041
39404142
40414243
41424344
42434445
43444546
44454647
45464748
46474849
47484950
48495051
49505152
50515253
51525354
52535455
53545556
54555657
55565758
56575859
57585960
58596061
59606162
60616263
61626364
62636465
63646566
64656667
65666768
66676869
67686970
68697071
69707172
70717273
71727374
72737475
73747576
74757677
75767778
76777879
77787980
78798081
79808182
80818283
81828384
82838485
83848586
84858687
85868788
86878889
87888990
88899091
89909192
90919293
91929394
92939495
93949596
94959697
95969798
96979899
