03020100
04030201
05040302
06050403
07060504
08070605
09080706
10090807
11100908
12111009
13121110
14131211
15141312
16151413
17161514
18171615
19181716
20191817
21201918
22212019
23222120
24232221
25242322
26252423
27262524
28272625
29282726
30292827
31302928
32313029
33323130
34333231
35343332
36353433
37363534
38373635
39383736
40393837
41403938
42414039
43424140
44434241
45444342
46454443
47464544
48474645
49484746
50494847
51504948
52515049
53525150
54535251
55545352
56555453
57565554
58575655
59585756
60595857
61605958
62616059
63626160
64636261
65646362
66656463
67666564
68676665
69686766
70696867
71706968
72717069
73727170
74737271
75747372
76757473
77767574
78777675
79787776
80797877
81807978
82818079
83828180
84838281
85848382
86858483
87868584
88878685
89888786
90898887
91908988
92919089
93929190
94939291
95949392
96959493
97969594
98979695
99989796
