000000000
001001001
002002002
003003003
004004004
005005005
006006006
007007007
008008008
009009009
010010010
011011011
012012012
013013013
014014014
015015015
016016016
017017017
018018018
019019019
020020020
021021021
022022022
023023023
024024024
025025025
026026026
027027027
028028028
029029029
030030030
031031031
032032032
033033033
034034034
035035035
036036036
037037037
038038038
039039039
040040040
041041041
042042042
043043043
044044044
045045045
046046046
047047047
048048048
049049049
050050050
051051051
052052052
053053053
054054054
055055055
056056056
057057057
058058058
059059059
060060060
061061061
062062062
063063063
064064064
065065065
066066066
067067067
068068068
069069069
070070070
071071071
072072072
073073073
074074074
075075075
076076076
077077077
078078078
079079079
080080080
081081081
082082082
083083083
084084084
085085085
086086086
087087087
088088088
089089089
090090090
091091091
092092092
093093093
094094094
095095095
096096096
097097097
098098098
099099099
100100100
101101101
102102102
103103103
104104104
105105105
106106106
107107107
108108108
109109109
110110110
111111111
112112112
113113113
114114114
115115115
116116116
117117117
118118118
119119119
120120120
121121121
122122122
123123123
124124124
125125125
126126126
127127127
128128128
129129129
130130130
131131131
132132132
133133133
134134134
135135135
136136136
137137137
138138138
139139139
140140140
141141141
142142142
143143143
144144144
145145145
146146146
147147147
148148148
149149149
150150150
151151151
152152152
153153153
154154154
155155155
156156156
157157157
158158158
159159159
160160160
161161161
162162162
163163163
164164164
165165165
166166166
167167167
168168168
169169169
170170170
171171171
172172172
173173173
174174174
175175175
176176176
177177177
178178178
179179179
180180180
181181181
182182182
183183183
184184184
185185185
186186186
187187187
188188188
189189189
190190190
191191191
192192192
193193193
194194194
195195195
196196196
197197197
198198198
199199199
200200200
201201201
202202202
203203203
204204204
205205205
206206206
207207207
208208208
209209209
210210210
211211211
212212212
213213213
214214214
215215215
216216216
217217217
218218218
219219219
220220220
221221221
222222222
223223223
224224224
225225225
226226226
227227227
228228228
229229229
230230230
231231231
232232232
233233233
234234234
235235235
236236236
237237237
238238238
239239239
240240240
241241241
242242242
243243243
244244244
245245245
246246246
247247247
248248248
249249249
250250250
251251251
252252252
253253253
254254254
255255255
256256256
257257257
258258258
259259259
260260260
261261261
262262262
263263263
264264264
265265265
266266266
267267267
268268268
269269269
270270270
271271271
272272272
273273273
274274274
275275275
276276276
277277277
278278278
279279279
280280280
281281281
282282282
283283283
284284284
285285285
286286286
287287287
288288288
289289289
290290290
291291291
292292292
293293293
294294294
295295295
296296296
297297297
298298298
299299299
300300300
301301301
302302302
303303303
304304304
305305305
306306306
307307307
308308308
309309309
310310310
311311311
312312312
313313313
314314314
315315315
316316316
317317317
318318318
319319319
320320320
321321321
322322322
323323323
324324324
325325325
326326326
327327327
328328328
329329329
330330330
331331331
332332332
333333333
334334334
335335335
336336336
337337337
338338338
339339339
340340340
341341341
342342342
343343343
344344344
345345345
346346346
347347347
348348348
349349349
350350350
351351351
352352352
353353353
354354354
355355355
356356356
357357357
358358358
359359359
360360360
361361361
362362362
363363363
364364364
365365365
366366366
367367367
368368368
369369369
370370370
371371371
372372372
373373373
374374374
375375375
376376376
377377377
378378378
379379379
380380380
381381381
382382382
383383383
384384384
385385385
386386386
387387387
388388388
389389389
390390390
391391391
392392392
393393393
394394394
395395395
396396396
397397397
398398398
399399399
400400400
401401401
402402402
403403403
404404404
405405405
406406406
407407407
408408408
409409409
410410410
411411411
412412412
413413413
414414414
415415415
416416416
417417417
418418418
419419419
420420420
421421421
422422422
423423423
424424424
425425425
426426426
427427427
428428428
429429429
430430430
431431431
432432432
433433433
434434434
435435435
436436436
437437437
438438438
439439439
440440440
441441441
442442442
443443443
444444444
445445445
446446446
447447447
448448448
449449449
450450450
451451451
452452452
453453453
454454454
455455455
456456456
457457457
458458458
459459459
460460460
461461461
462462462
463463463
464464464
465465465
466466466
467467467
468468468
469469469
470470470
471471471
472472472
473473473
474474474
475475475
476476476
477477477
478478478
479479479
480480480
481481481
482482482
483483483
484484484
485485485
486486486
487487487
488488488
489489489
490490490
491491491
492492492
493493493
494494494
495495495
496496496
497497497
498498498
499499499
500500500
501501501
502502502
503503503
504504504
505505505
506506506
507507507
508508508
509509509
510510510
511511511
512512512
513513513
514514514
515515515
516516516
517517517
518518518
519519519
520520520
521521521
522522522
523523523
524524524
525525525
526526526
527527527
528528528
529529529
530530530
531531531
532532532
533533533
534534534
535535535
536536536
537537537
538538538
539539539
540540540
541541541
542542542
543543543
544544544
545545545
546546546
547547547
548548548
549549549
550550550
551551551
552552552
553553553
554554554
555555555
556556556
557557557
558558558
559559559
560560560
561561561
562562562
563563563
564564564
565565565
566566566
567567567
568568568
569569569
570570570
571571571
572572572
573573573
574574574
575575575
576576576
577577577
578578578
579579579
580580580
581581581
582582582
583583583
584584584
585585585
586586586
587587587
588588588
589589589
590590590
591591591
592592592
593593593
594594594
595595595
596596596
597597597
598598598
599599599
600600600
601601601
602602602
603603603
604604604
605605605
606606606
607607607
608608608
609609609
610610610
611611611
612612612
613613613
614614614
615615615
616616616
617617617
618618618
619619619
620620620
621621621
622622622
623623623
624624624
625625625
626626626
627627627
628628628
629629629
630630630
631631631
632632632
633633633
634634634
635635635
636636636
637637637
638638638
639639639
640640640
641641641
642642642
643643643
644644644
645645645
646646646
647647647
648648648
649649649
650650650
651651651
652652652
653653653
654654654
655655655
656656656
657657657
658658658
659659659
660660660
661661661
662662662
663663663
664664664
665665665
666666666
667667667
668668668
669669669
670670670
671671671
672672672
673673673
674674674
675675675
676676676
677677677
678678678
679679679
680680680
681681681
682682682
683683683
684684684
685685685
686686686
687687687
688688688
689689689
690690690
691691691
692692692
693693693
694694694
695695695
696696696
697697697
698698698
699699699
700700700
701701701
702702702
703703703
704704704
705705705
706706706
707707707
708708708
709709709
710710710
711711711
712712712
713713713
714714714
715715715
716716716
717717717
718718718
719719719
720720720
721721721
722722722
723723723
724724724
725725725
726726726
727727727
728728728
729729729
730730730
731731731
732732732
733733733
734734734
735735735
736736736
737737737
738738738
739739739
740740740
741741741
742742742
743743743
744744744
745745745
746746746
747747747
748748748
749749749
750750750
751751751
752752752
753753753
754754754
755755755
756756756
757757757
758758758
759759759
760760760
761761761
762762762
763763763
764764764
765765765
766766766
767767767
768768768
769769769
770770770
771771771
772772772
773773773
774774774
775775775
776776776
777777777
778778778
779779779
780780780
781781781
782782782
783783783
784784784
785785785
786786786
787787787
788788788
789789789
790790790
791791791
792792792
793793793
794794794
795795795
796796796
797797797
798798798
799799799
800800800
801801801
802802802
803803803
804804804
805805805
806806806
807807807
808808808
809809809
810810810
811811811
812812812
813813813
814814814
815815815
816816816
817817817
818818818
819819819
820820820
821821821
822822822
823823823
824824824
825825825
826826826
827827827
828828828
829829829
830830830
831831831
832832832
833833833
834834834
835835835
836836836
837837837
838838838
839839839
840840840
841841841
842842842
843843843
844844844
845845845
846846846
847847847
848848848
849849849
850850850
851851851
852852852
853853853
854854854
855855855
856856856
857857857
858858858
859859859
860860860
861861861
862862862
863863863
864864864
865865865
866866866
867867867
868868868
869869869
870870870
871871871
872872872
873873873
874874874
875875875
876876876
877877877
878878878
879879879
880880880
881881881
882882882
883883883
884884884
885885885
886886886
887887887
888888888
889889889
890890890
891891891
892892892
893893893
894894894
895895895
896896896
897897897
898898898
899899899
900900900
901901901
902902902
903903903
904904904
905905905
906906906
907907907
908908908
909909909
910910910
911911911
912912912
913913913
914914914
915915915
916916916
917917917
918918918
919919919
920920920
921921921
922922922
923923923
924924924
925925925
926926926
927927927
928928928
929929929
930930930
931931931
932932932
933933933
934934934
935935935
936936936
937937937
938938938
939939939
940940940
941941941
942942942
943943943
944944944
945945945
946946946
947947947
948948948
949949949
950950950
951951951
952952952
953953953
954954954
955955955
956956956
957957957
958958958
959959959
960960960
961961961
962962962
963963963
964964964
965965965
966966966
967967967
968968968
969969969
970970970
971971971
972972972
973973973
974974974
975975975
976976976
977977977
978978978
979979979
980980980
981981981
982982982
983983983
984984984
985985985
986986986
987987987
988988988
989989989
990990990
991991991
992992992
993993993
994994994
995995995
996996996
997997997
998998998
999999999