00000000
00100000
00200000
00300000
00400000
00500000
00600000
00700000
00800000
00900000
01000000
01100000
01200000
01300000
01400000
01500000
01600000
01700000
01800000
01900000
02000000
02100000
02200000
02300000
02400000
02500000
02600000
02700000
02800000
02900000
03000000
03100000
03200000
03300000
03400000
03500000
03600000
03700000
03800000
03900000
04000000
04100000
04200000
04300000
04400000
04500000
04600000
04700000
04800000
04900000
05000000
05100000
05200000
05300000
05400000
05500000
05600000
05700000
05800000
05900000
06000000
06100000
06200000
06300000
06400000
06500000
06600000
06700000
06800000
06900000
07000000
07100000
07200000
07300000
07400000
07500000
07600000
07700000
07800000
07900000
08000000
08100000
08200000
08300000
08400000
08500000
08600000
08700000
08800000
08900000
09000000
09100000
09200000
09300000
09400000
09500000
09600000
09700000
09800000
09900000
10000000
10100000
10200000
10300000
10400000
10500000
10600000
10700000
10800000
10900000
11000000
11100000
11200000
11300000
11400000
11500000
11600000
11700000
11800000
11900000
12000000
12100000
12200000
12300000
12400000
12500000
12600000
12700000
12800000
12900000
13000000
13100000
13200000
13300000
13400000
13500000
13600000
13700000
13800000
13900000
14000000
14100000
14200000
14300000
14400000
14500000
14600000
14700000
14800000
14900000
15000000
15100000
15200000
15300000
15400000
15500000
15600000
15700000
15800000
15900000
16000000
16100000
16200000
16300000
16400000
16500000
16600000
16700000
16800000
16900000
17000000
17100000
17200000
17300000
17400000
17500000
17600000
17700000
17800000
17900000
18000000
18100000
18200000
18300000
18400000
18500000
18600000
18700000
18800000
18900000
19000000
19100000
19200000
19300000
19400000
19500000
19600000
19700000
19800000
19900000
20000000
20100000
20200000
20300000
20400000
20500000
20600000
20700000
20800000
20900000
21000000
21100000
21200000
21300000
21400000
21500000
21600000
21700000
21800000
21900000
22000000
22100000
22200000
22300000
22400000
22500000
22600000
22700000
22800000
22900000
23000000
23100000
23200000
23300000
23400000
23500000
23600000
23700000
23800000
23900000
24000000
24100000
24200000
24300000
24400000
24500000
24600000
24700000
24800000
24900000
25000000
25100000
25200000
25300000
25400000
25500000
25600000
25700000
25800000
25900000
26000000
26100000
26200000
26300000
26400000
26500000
26600000
26700000
26800000
26900000
27000000
27100000
27200000
27300000
27400000
27500000
27600000
27700000
27800000
27900000
28000000
28100000
28200000
28300000
28400000
28500000
28600000
28700000
28800000
28900000
29000000
29100000
29200000
29300000
29400000
29500000
29600000
29700000
29800000
29900000
30000000
30100000
30200000
30300000
30400000
30500000
30600000
30700000
30800000
30900000
31000000
31100000
31200000
31300000
31400000
31500000
31600000
31700000
31800000
31900000
32000000
32100000
32200000
32300000
32400000
32500000
32600000
32700000
32800000
32900000
33000000
33100000
33200000
33300000
33400000
33500000
33600000
33700000
33800000
33900000
34000000
34100000
34200000
34300000
34400000
34500000
34600000
34700000
34800000
34900000
35000000
35100000
35200000
35300000
35400000
35500000
35600000
35700000
35800000
35900000
36000000
36100000
36200000
36300000
36400000
36500000
36600000
36700000
36800000
36900000
37000000
37100000
37200000
37300000
37400000
37500000
37600000
37700000
37800000
37900000
38000000
38100000
38200000
38300000
38400000
38500000
38600000
38700000
38800000
38900000
39000000
39100000
39200000
39300000
39400000
39500000
39600000
39700000
39800000
39900000
40000000
40100000
40200000
40300000
40400000
40500000
40600000
40700000
40800000
40900000
41000000
41100000
41200000
41300000
41400000
41500000
41600000
41700000
41800000
41900000
42000000
42100000
42200000
42300000
42400000
42500000
42600000
42700000
42800000
42900000
43000000
43100000
43200000
43300000
43400000
43500000
43600000
43700000
43800000
43900000
44000000
44100000
44200000
44300000
44400000
44500000
44600000
44700000
44800000
44900000
45000000
45100000
45200000
45300000
45400000
45500000
45600000
45700000
45800000
45900000
46000000
46100000
46200000
46300000
46400000
46500000
46600000
46700000
46800000
46900000
47000000
47100000
47200000
47300000
47400000
47500000
47600000
47700000
47800000
47900000
48000000
48100000
48200000
48300000
48400000
48500000
48600000
48700000
48800000
48900000
49000000
49100000
49200000
49300000
49400000
49500000
49600000
49700000
49800000
49900000
50000000
50100000
50200000
50300000
50400000
50500000
50600000
50700000
50800000
50900000
51000000
51100000
51200000
51300000
51400000
51500000
51600000
51700000
51800000
51900000
52000000
52100000
52200000
52300000
52400000
52500000
52600000
52700000
52800000
52900000
53000000
53100000
53200000
53300000
53400000
53500000
53600000
53700000
53800000
53900000
54000000
54100000
54200000
54300000
54400000
54500000
54600000
54700000
54800000
54900000
55000000
55100000
55200000
55300000
55400000
55500000
55600000
55700000
55800000
55900000
56000000
56100000
56200000
56300000
56400000
56500000
56600000
56700000
56800000
56900000
57000000
57100000
57200000
57300000
57400000
57500000
57600000
57700000
57800000
57900000
58000000
58100000
58200000
58300000
58400000
58500000
58600000
58700000
58800000
58900000
59000000
59100000
59200000
59300000
59400000
59500000
59600000
59700000
59800000
59900000
60000000
60100000
60200000
60300000
60400000
60500000
60600000
60700000
60800000
60900000
61000000
61100000
61200000
61300000
61400000
61500000
61600000
61700000
61800000
61900000
62000000
62100000
62200000
62300000
62400000
62500000
62600000
62700000
62800000
62900000
63000000
63100000
63200000
63300000
63400000
63500000
63600000
63700000
63800000
63900000
64000000
64100000
64200000
64300000
64400000
64500000
64600000
64700000
64800000
64900000
65000000
65100000
65200000
65300000
65400000
65500000
65600000
65700000
65800000
65900000
66000000
66100000
66200000
66300000
66400000
66500000
66600000
66700000
66800000
66900000
67000000
67100000
67200000
67300000
67400000
67500000
67600000
67700000
67800000
67900000
68000000
68100000
68200000
68300000
68400000
68500000
68600000
68700000
68800000
68900000
69000000
69100000
69200000
69300000
69400000
69500000
69600000
69700000
69800000
69900000
70000000
70100000
70200000
70300000
70400000
70500000
70600000
70700000
70800000
70900000
71000000
71100000
71200000
71300000
71400000
71500000
71600000
71700000
71800000
71900000
72000000
72100000
72200000
72300000
72400000
72500000
72600000
72700000
72800000
72900000
73000000
73100000
73200000
73300000
73400000
73500000
73600000
73700000
73800000
73900000
74000000
74100000
74200000
74300000
74400000
74500000
74600000
74700000
74800000
74900000
75000000
75100000
75200000
75300000
75400000
75500000
75600000
75700000
75800000
75900000
76000000
76100000
76200000
76300000
76400000
76500000
76600000
76700000
76800000
76900000
77000000
77100000
77200000
77300000
77400000
77500000
77600000
77700000
77800000
77900000
78000000
78100000
78200000
78300000
78400000
78500000
78600000
78700000
78800000
78900000
79000000
79100000
79200000
79300000
79400000
79500000
79600000
79700000
79800000
79900000
80000000
80100000
80200000
80300000
80400000
80500000
80600000
80700000
80800000
80900000
81000000
81100000
81200000
81300000
81400000
81500000
81600000
81700000
81800000
81900000
82000000
82100000
82200000
82300000
82400000
82500000
82600000
82700000
82800000
82900000
83000000
83100000
83200000
83300000
83400000
83500000
83600000
83700000
83800000
83900000
84000000
84100000
84200000
84300000
84400000
84500000
84600000
84700000
84800000
84900000
85000000
85100000
85200000
85300000
85400000
85500000
85600000
85700000
85800000
85900000
86000000
86100000
86200000
86300000
86400000
86500000
86600000
86700000
86800000
86900000
87000000
87100000
87200000
87300000
87400000
87500000
87600000
87700000
87800000
87900000
88000000
88100000
88200000
88300000
88400000
88500000
88600000
88700000
88800000
88900000
89000000
89100000
89200000
89300000
89400000
89500000
89600000
89700000
89800000
89900000
90000000
90100000
90200000
90300000
90400000
90500000
90600000
90700000
90800000
90900000
91000000
91100000
91200000
91300000
91400000
91500000
91600000
91700000
91800000
91900000
92000000
92100000
92200000
92300000
92400000
92500000
92600000
92700000
92800000
92900000
93000000
93100000
93200000
93300000
93400000
93500000
93600000
93700000
93800000
93900000
94000000
94100000
94200000
94300000
94400000
94500000
94600000
94700000
94800000
94900000
95000000
95100000
95200000
95300000
95400000
95500000
95600000
95700000
95800000
95900000
96000000
96100000
96200000
96300000
96400000
96500000
96600000
96700000
96800000
96900000
97000000
97100000
97200000
97300000
97400000
97500000
97600000
97700000
97800000
97900000
98000000
98100000
98200000
98300000
98400000
98500000
98600000
98700000
98800000
98900000
99000000
99100000
99200000
99300000
99400000
99500000
99600000
99700000
99800000
99900000
00011111
00111111
00211111
00311111
00411111
00511111
00611111
00711111
00811111
00911111
01011111
01111111
01211111
01311111
01411111
01511111
01611111
01711111
01811111
01911111
02011111
02111111
02211111
02311111
02411111
02511111
02611111
02711111
02811111
02911111
03011111
03111111
03211111
03311111
03411111
03511111
03611111
03711111
03811111
03911111
04011111
04111111
04211111
04311111
04411111
04511111
04611111
04711111
04811111
04911111
05011111
05111111
05211111
05311111
05411111
05511111
05611111
05711111
05811111
05911111
06011111
06111111
06211111
06311111
06411111
06511111
06611111
06711111
06811111
06911111
07011111
07111111
07211111
07311111
07411111
07511111
07611111
07711111
07811111
07911111
08011111
08111111
08211111
08311111
08411111
08511111
08611111
08711111
08811111
08911111
09011111
09111111
09211111
09311111
09411111
09511111
09611111
09711111
09811111
09911111
10011111
10111111
10211111
10311111
10411111
10511111
10611111
10711111
10811111
10911111
11011111
11111111
11211111
11311111
11411111
11511111
11611111
11711111
11811111
11911111
12011111
12111111
12211111
12311111
12411111
12511111
12611111
12711111
12811111
12911111
13011111
13111111
13211111
13311111
13411111
13511111
13611111
13711111
13811111
13911111
14011111
14111111
14211111
14311111
14411111
14511111
14611111
14711111
14811111
14911111
15011111
15111111
15211111
15311111
15411111
15511111
15611111
15711111
15811111
15911111
16011111
16111111
16211111
16311111
16411111
16511111
16611111
16711111
16811111
16911111
17011111
17111111
17211111
17311111
17411111
17511111
17611111
17711111
17811111
17911111
18011111
18111111
18211111
18311111
18411111
18511111
18611111
18711111
18811111
18911111
19011111
19111111
19211111
19311111
19411111
19511111
19611111
19711111
19811111
19911111
20011111
20111111
20211111
20311111
20411111
20511111
20611111
20711111
20811111
20911111
21011111
21111111
21211111
21311111
21411111
21511111
21611111
21711111
21811111
21911111
22011111
22111111
22211111
22311111
22411111
22511111
22611111
22711111
22811111
22911111
23011111
23111111
23211111
23311111
23411111
23511111
23611111
23711111
23811111
23911111
24011111
24111111
24211111
24311111
24411111
24511111
24611111
24711111
24811111
24911111
25011111
25111111
25211111
25311111
25411111
25511111
25611111
25711111
25811111
25911111
26011111
26111111
26211111
26311111
26411111
26511111
26611111
26711111
26811111
26911111
27011111
27111111
27211111
27311111
27411111
27511111
27611111
27711111
27811111
27911111
28011111
28111111
28211111
28311111
28411111
28511111
28611111
28711111
28811111
28911111
29011111
29111111
29211111
29311111
29411111
29511111
29611111
29711111
29811111
29911111
30011111
30111111
30211111
30311111
30411111
30511111
30611111
30711111
30811111
30911111
31011111
31111111
31211111
31311111
31411111
31511111
31611111
31711111
31811111
31911111
32011111
32111111
32211111
32311111
32411111
32511111
32611111
32711111
32811111
32911111
33011111
33111111
33211111
33311111
33411111
33511111
33611111
33711111
33811111
33911111
34011111
34111111
34211111
34311111
34411111
34511111
34611111
34711111
34811111
34911111
35011111
35111111
35211111
35311111
35411111
35511111
35611111
35711111
35811111
35911111
36011111
36111111
36211111
36311111
36411111
36511111
36611111
36711111
36811111
36911111
37011111
37111111
37211111
37311111
37411111
37511111
37611111
37711111
37811111
37911111
38011111
38111111
38211111
38311111
38411111
38511111
38611111
38711111
38811111
38911111
39011111
39111111
39211111
39311111
39411111
39511111
39611111
39711111
39811111
39911111
40011111
40111111
40211111
40311111
40411111
40511111
40611111
40711111
40811111
40911111
41011111
41111111
41211111
41311111
41411111
41511111
41611111
41711111
41811111
41911111
42011111
42111111
42211111
42311111
42411111
42511111
42611111
42711111
42811111
42911111
43011111
43111111
43211111
43311111
43411111
43511111
43611111
43711111
43811111
43911111
44011111
44111111
44211111
44311111
44411111
44511111
44611111
44711111
44811111
44911111
45011111
45111111
45211111
45311111
45411111
45511111
45611111
45711111
45811111
45911111
46011111
46111111
46211111
46311111
46411111
46511111
46611111
46711111
46811111
46911111
47011111
47111111
47211111
47311111
47411111
47511111
47611111
47711111
47811111
47911111
48011111
48111111
48211111
48311111
48411111
48511111
48611111
48711111
48811111
48911111
49011111
49111111
49211111
49311111
49411111
49511111
49611111
49711111
49811111
49911111
50011111
50111111
50211111
50311111
50411111
50511111
50611111
50711111
50811111
50911111
51011111
51111111
51211111
51311111
51411111
51511111
51611111
51711111
51811111
51911111
52011111
52111111
52211111
52311111
52411111
52511111
52611111
52711111
52811111
52911111
53011111
53111111
53211111
53311111
53411111
53511111
53611111
53711111
53811111
53911111
54011111
54111111
54211111
54311111
54411111
54511111
54611111
54711111
54811111
54911111
55011111
55111111
55211111
55311111
55411111
55511111
55611111
55711111
55811111
55911111
56011111
56111111
56211111
56311111
56411111
56511111
56611111
56711111
56811111
56911111
57011111
57111111
57211111
57311111
57411111
57511111
57611111
57711111
57811111
57911111
58011111
58111111
58211111
58311111
58411111
58511111
58611111
58711111
58811111
58911111
59011111
59111111
59211111
59311111
59411111
59511111
59611111
59711111
59811111
59911111
60011111
60111111
60211111
60311111
60411111
60511111
60611111
60711111
60811111
60911111
61011111
61111111
61211111
61311111
61411111
61511111
61611111
61711111
61811111
61911111
62011111
62111111
62211111
62311111
62411111
62511111
62611111
62711111
62811111
62911111
63011111
63111111
63211111
63311111
63411111
63511111
63611111
63711111
63811111
63911111
64011111
64111111
64211111
64311111
64411111
64511111
64611111
64711111
64811111
64911111
65011111
65111111
65211111
65311111
65411111
65511111
65611111
65711111
65811111
65911111
66011111
66111111
66211111
66311111
66411111
66511111
66611111
66711111
66811111
66911111
67011111
67111111
67211111
67311111
67411111
67511111
67611111
67711111
67811111
67911111
68011111
68111111
68211111
68311111
68411111
68511111
68611111
68711111
68811111
68911111
69011111
69111111
69211111
69311111
69411111
69511111
69611111
69711111
69811111
69911111
70011111
70111111
70211111
70311111
70411111
70511111
70611111
70711111
70811111
70911111
71011111
71111111
71211111
71311111
71411111
71511111
71611111
71711111
71811111
71911111
72011111
72111111
72211111
72311111
72411111
72511111
72611111
72711111
72811111
72911111
73011111
73111111
73211111
73311111
73411111
73511111
73611111
73711111
73811111
73911111
74011111
74111111
74211111
74311111
74411111
74511111
74611111
74711111
74811111
74911111
75011111
75111111
75211111
75311111
75411111
75511111
75611111
75711111
75811111
75911111
76011111
76111111
76211111
76311111
76411111
76511111
76611111
76711111
76811111
76911111
77011111
77111111
77211111
77311111
77411111
77511111
77611111
77711111
77811111
77911111
78011111
78111111
78211111
78311111
78411111
78511111
78611111
78711111
78811111
78911111
79011111
79111111
79211111
79311111
79411111
79511111
79611111
79711111
79811111
79911111
80011111
80111111
80211111
80311111
80411111
80511111
80611111
80711111
80811111
80911111
81011111
81111111
81211111
81311111
81411111
81511111
81611111
81711111
81811111
81911111
82011111
82111111
82211111
82311111
82411111
82511111
82611111
82711111
82811111
82911111
83011111
83111111
83211111
83311111
83411111
83511111
83611111
83711111
83811111
83911111
84011111
84111111
84211111
84311111
84411111
84511111
84611111
84711111
84811111
84911111
85011111
85111111
85211111
85311111
85411111
85511111
85611111
85711111
85811111
85911111
86011111
86111111
86211111
86311111
86411111
86511111
86611111
86711111
86811111
86911111
87011111
87111111
87211111
87311111
87411111
87511111
87611111
87711111
87811111
87911111
88011111
88111111
88211111
88311111
88411111
88511111
88611111
88711111
88811111
88911111
89011111
89111111
89211111
89311111
89411111
89511111
89611111
89711111
89811111
89911111
90011111
90111111
90211111
90311111
90411111
90511111
90611111
90711111
90811111
90911111
91011111
91111111
91211111
91311111
91411111
91511111
91611111
91711111
91811111
91911111
92011111
92111111
92211111
92311111
92411111
92511111
92611111
92711111
92811111
92911111
93011111
93111111
93211111
93311111
93411111
93511111
93611111
93711111
93811111
93911111
94011111
94111111
94211111
94311111
94411111
94511111
94611111
94711111
94811111
94911111
95011111
95111111
95211111
95311111
95411111
95511111
95611111
95711111
95811111
95911111
96011111
96111111
96211111
96311111
96411111
96511111
96611111
96711111
96811111
96911111
97011111
97111111
97211111
97311111
97411111
97511111
97611111
97711111
97811111
97911111
98011111
98111111
98211111
98311111
98411111
98511111
98611111
98711111
98811111
98911111
99011111
99111111
99211111
99311111
99411111
99511111
99611111
99711111
99811111
99911111
00022222
00122222
00222222
00322222
00422222
00522222
00622222
00722222
00822222
00922222
01022222
01122222
01222222
01322222
01422222
01522222
01622222
01722222
01822222
01922222
02022222
02122222
02222222
02322222
02422222
02522222
02622222
02722222
02822222
02922222
03022222
03122222
03222222
03322222
03422222
03522222
03622222
03722222
03822222
03922222
04022222
04122222
04222222
04322222
04422222
04522222
04622222
04722222
04822222
04922222
05022222
05122222
05222222
05322222
05422222
05522222
05622222
05722222
05822222
05922222
06022222
06122222
06222222
06322222
06422222
06522222
06622222
06722222
06822222
06922222
07022222
07122222
07222222
07322222
07422222
07522222
07622222
07722222
07822222
07922222
08022222
08122222
08222222
08322222
08422222
08522222
08622222
08722222
08822222
08922222
09022222
09122222
09222222
09322222
09422222
09522222
09622222
09722222
09822222
09922222
10022222
10122222
10222222
10322222
10422222
10522222
10622222
10722222
10822222
10922222
11022222
11122222
11222222
11322222
11422222
11522222
11622222
11722222
11822222
11922222
12022222
12122222
12222222
12322222
12422222
12522222
12622222
12722222
12822222
12922222
13022222
13122222
13222222
13322222
13422222
13522222
13622222
13722222
13822222
13922222
14022222
14122222
14222222
14322222
14422222
14522222
14622222
14722222
14822222
14922222
15022222
15122222
15222222
15322222
15422222
15522222
15622222
15722222
15822222
15922222
16022222
16122222
16222222
16322222
16422222
16522222
16622222
16722222
16822222
16922222
17022222
17122222
17222222
17322222
17422222
17522222
17622222
17722222
17822222
17922222
18022222
18122222
18222222
18322222
18422222
18522222
18622222
18722222
18822222
18922222
19022222
19122222
19222222
19322222
19422222
19522222
19622222
19722222
19822222
19922222
20022222
20122222
20222222
20322222
20422222
20522222
20622222
20722222
20822222
20922222
21022222
21122222
21222222
21322222
21422222
21522222
21622222
21722222
21822222
21922222
22022222
22122222
22222222
22322222
22422222
22522222
22622222
22722222
22822222
22922222
23022222
23122222
23222222
23322222
23422222
23522222
23622222
23722222
23822222
23922222
24022222
24122222
24222222
24322222
24422222
24522222
24622222
24722222
24822222
24922222
25022222
25122222
25222222
25322222
25422222
25522222
25622222
25722222
25822222
25922222
26022222
26122222
26222222
26322222
26422222
26522222
26622222
26722222
26822222
26922222
27022222
27122222
27222222
27322222
27422222
27522222
27622222
27722222
27822222
27922222
28022222
28122222
28222222
28322222
28422222
28522222
28622222
28722222
28822222
28922222
29022222
29122222
29222222
29322222
29422222
29522222
29622222
29722222
29822222
29922222
30022222
30122222
30222222
30322222
30422222
30522222
30622222
30722222
30822222
30922222
31022222
31122222
31222222
31322222
31422222
31522222
31622222
31722222
31822222
31922222
32022222
32122222
32222222
32322222
32422222
32522222
32622222
32722222
32822222
32922222
33022222
33122222
33222222
33322222
33422222
33522222
33622222
33722222
33822222
33922222
34022222
34122222
34222222
34322222
34422222
34522222
34622222
34722222
34822222
34922222
35022222
35122222
35222222
35322222
35422222
35522222
35622222
35722222
35822222
35922222
36022222
36122222
36222222
36322222
36422222
36522222
36622222
36722222
36822222
36922222
37022222
37122222
37222222
37322222
37422222
37522222
37622222
37722222
37822222
37922222
38022222
38122222
38222222
38322222
38422222
38522222
38622222
38722222
38822222
38922222
39022222
39122222
39222222
39322222
39422222
39522222
39622222
39722222
39822222
39922222
40022222
40122222
40222222
40322222
40422222
40522222
40622222
40722222
40822222
40922222
41022222
41122222
41222222
41322222
41422222
41522222
41622222
41722222
41822222
41922222
42022222
42122222
42222222
42322222
42422222
42522222
42622222
42722222
42822222
42922222
43022222
43122222
43222222
43322222
43422222
43522222
43622222
43722222
43822222
43922222
44022222
44122222
44222222
44322222
44422222
44522222
44622222
44722222
44822222
44922222
45022222
45122222
45222222
45322222
45422222
45522222
45622222
45722222
45822222
45922222
46022222
46122222
46222222
46322222
46422222
46522222
46622222
46722222
46822222
46922222
47022222
47122222
47222222
47322222
47422222
47522222
47622222
47722222
47822222
47922222
48022222
48122222
48222222
48322222
48422222
48522222
48622222
48722222
48822222
48922222
49022222
49122222
49222222
49322222
49422222
49522222
49622222
49722222
49822222
49922222
50022222
50122222
50222222
50322222
50422222
50522222
50622222
50722222
50822222
50922222
51022222
51122222
51222222
51322222
51422222
51522222
51622222
51722222
51822222
51922222
52022222
52122222
52222222
52322222
52422222
52522222
52622222
52722222
52822222
52922222
53022222
53122222
53222222
53322222
53422222
53522222
53622222
53722222
53822222
53922222
54022222
54122222
54222222
54322222
54422222
54522222
54622222
54722222
54822222
54922222
55022222
55122222
55222222
55322222
55422222
55522222
55622222
55722222
55822222
55922222
56022222
56122222
56222222
56322222
56422222
56522222
56622222
56722222
56822222
56922222
57022222
57122222
57222222
57322222
57422222
57522222
57622222
57722222
57822222
57922222
58022222
58122222
58222222
58322222
58422222
58522222
58622222
58722222
58822222
58922222
59022222
59122222
59222222
59322222
59422222
59522222
59622222
59722222
59822222
59922222
60022222
60122222
60222222
60322222
60422222
60522222
60622222
60722222
60822222
60922222
61022222
61122222
61222222
61322222
61422222
61522222
61622222
61722222
61822222
61922222
62022222
62122222
62222222
62322222
62422222
62522222
62622222
62722222
62822222
62922222
63022222
63122222
63222222
63322222
63422222
63522222
63622222
63722222
63822222
63922222
64022222
64122222
64222222
64322222
64422222
64522222
64622222
64722222
64822222
64922222
65022222
65122222
65222222
65322222
65422222
65522222
65622222
65722222
65822222
65922222
66022222
66122222
66222222
66322222
66422222
66522222
66622222
66722222
66822222
66922222
67022222
67122222
67222222
67322222
67422222
67522222
67622222
67722222
67822222
67922222
68022222
68122222
68222222
68322222
68422222
68522222
68622222
68722222
68822222
68922222
69022222
69122222
69222222
69322222
69422222
69522222
69622222
69722222
69822222
69922222
70022222
70122222
70222222
70322222
70422222
70522222
70622222
70722222
70822222
70922222
71022222
71122222
71222222
71322222
71422222
71522222
71622222
71722222
71822222
71922222
72022222
72122222
72222222
72322222
72422222
72522222
72622222
72722222
72822222
72922222
73022222
73122222
73222222
73322222
73422222
73522222
73622222
73722222
73822222
73922222
74022222
74122222
74222222
74322222
74422222
74522222
74622222
74722222
74822222
74922222
75022222
75122222
75222222
75322222
75422222
75522222
75622222
75722222
75822222
75922222
76022222
76122222
76222222
76322222
76422222
76522222
76622222
76722222
76822222
76922222
77022222
77122222
77222222
77322222
77422222
77522222
77622222
77722222
77822222
77922222
78022222
78122222
78222222
78322222
78422222
78522222
78622222
78722222
78822222
78922222
79022222
79122222
79222222
79322222
79422222
79522222
79622222
79722222
79822222
79922222
80022222
80122222
80222222
80322222
80422222
80522222
80622222
80722222
80822222
80922222
81022222
81122222
81222222
81322222
81422222
81522222
81622222
81722222
81822222
81922222
82022222
82122222
82222222
82322222
82422222
82522222
82622222
82722222
82822222
82922222
83022222
83122222
83222222
83322222
83422222
83522222
83622222
83722222
83822222
83922222
84022222
84122222
84222222
84322222
84422222
84522222
84622222
84722222
84822222
84922222
85022222
85122222
85222222
85322222
85422222
85522222
85622222
85722222
85822222
85922222
86022222
86122222
86222222
86322222
86422222
86522222
86622222
86722222
86822222
86922222
87022222
87122222
87222222
87322222
87422222
87522222
87622222
87722222
87822222
87922222
88022222
88122222
88222222
88322222
88422222
88522222
88622222
88722222
88822222
88922222
89022222
89122222
89222222
89322222
89422222
89522222
89622222
89722222
89822222
89922222
90022222
90122222
90222222
90322222
90422222
90522222
90622222
90722222
90822222
90922222
91022222
91122222
91222222
91322222
91422222
91522222
91622222
91722222
91822222
91922222
92022222
92122222
92222222
92322222
92422222
92522222
92622222
92722222
92822222
92922222
93022222
93122222
93222222
93322222
93422222
93522222
93622222
93722222
93822222
93922222
94022222
94122222
94222222
94322222
94422222
94522222
94622222
94722222
94822222
94922222
95022222
95122222
95222222
95322222
95422222
95522222
95622222
95722222
95822222
95922222
96022222
96122222
96222222
96322222
96422222
96522222
96622222
96722222
96822222
96922222
97022222
97122222
97222222
97322222
97422222
97522222
97622222
97722222
97822222
97922222
98022222
98122222
98222222
98322222
98422222
98522222
98622222
98722222
98822222
98922222
99022222
99122222
99222222
99322222
99422222
99522222
99622222
99722222
99822222
99922222
00033333
00133333
00233333
00333333
00433333
00533333
00633333
00733333
00833333
00933333
01033333
01133333
01233333
01333333
01433333
01533333
01633333
01733333
01833333
01933333
02033333
02133333
02233333
02333333
02433333
02533333
02633333
02733333
02833333
02933333
03033333
03133333
03233333
03333333
03433333
03533333
03633333
03733333
03833333
03933333
04033333
04133333
04233333
04333333
04433333
04533333
04633333
04733333
04833333
04933333
05033333
05133333
05233333
05333333
05433333
05533333
05633333
05733333
05833333
05933333
06033333
06133333
06233333
06333333
06433333
06533333
06633333
06733333
06833333
06933333
07033333
07133333
07233333
07333333
07433333
07533333
07633333
07733333
07833333
07933333
08033333
08133333
08233333
08333333
08433333
08533333
08633333
08733333
08833333
08933333
09033333
09133333
09233333
09333333
09433333
09533333
09633333
09733333
09833333
09933333
10033333
10133333
10233333
10333333
10433333
10533333
10633333
10733333
10833333
10933333
11033333
11133333
11233333
11333333
11433333
11533333
11633333
11733333
11833333
11933333
12033333
12133333
12233333
12333333
12433333
12533333
12633333
12733333
12833333
12933333
13033333
13133333
13233333
13333333
13433333
13533333
13633333
13733333
13833333
13933333
14033333
14133333
14233333
14333333
14433333
14533333
14633333
14733333
14833333
14933333
15033333
15133333
15233333
15333333
15433333
15533333
15633333
15733333
15833333
15933333
16033333
16133333
16233333
16333333
16433333
16533333
16633333
16733333
16833333
16933333
17033333
17133333
17233333
17333333
17433333
17533333
17633333
17733333
17833333
17933333
18033333
18133333
18233333
18333333
18433333
18533333
18633333
18733333
18833333
18933333
19033333
19133333
19233333
19333333
19433333
19533333
19633333
19733333
19833333
19933333
20033333
20133333
20233333
20333333
20433333
20533333
20633333
20733333
20833333
20933333
21033333
21133333
21233333
21333333
21433333
21533333
21633333
21733333
21833333
21933333
22033333
22133333
22233333
22333333
22433333
22533333
22633333
22733333
22833333
22933333
23033333
23133333
23233333
23333333
23433333
23533333
23633333
23733333
23833333
23933333
24033333
24133333
24233333
24333333
24433333
24533333
24633333
24733333
24833333
24933333
25033333
25133333
25233333
25333333
25433333
25533333
25633333
25733333
25833333
25933333
26033333
26133333
26233333
26333333
26433333
26533333
26633333
26733333
26833333
26933333
27033333
27133333
27233333
27333333
27433333
27533333
27633333
27733333
27833333
27933333
28033333
28133333
28233333
28333333
28433333
28533333
28633333
28733333
28833333
28933333
29033333
29133333
29233333
29333333
29433333
29533333
29633333
29733333
29833333
29933333
30033333
30133333
30233333
30333333
30433333
30533333
30633333
30733333
30833333
30933333
31033333
31133333
31233333
31333333
31433333
31533333
31633333
31733333
31833333
31933333
32033333
32133333
32233333
32333333
32433333
32533333
32633333
32733333
32833333
32933333
33033333
33133333
33233333
33333333
33433333
33533333
33633333
33733333
33833333
33933333
34033333
34133333
34233333
34333333
34433333
34533333
34633333
34733333
34833333
34933333
35033333
35133333
35233333
35333333
35433333
35533333
35633333
35733333
35833333
35933333
36033333
36133333
36233333
36333333
36433333
36533333
36633333
36733333
36833333
36933333
37033333
37133333
37233333
37333333
37433333
37533333
37633333
37733333
37833333
37933333
38033333
38133333
38233333
38333333
38433333
38533333
38633333
38733333
38833333
38933333
39033333
39133333
39233333
39333333
39433333
39533333
39633333
39733333
39833333
39933333
40033333
40133333
40233333
40333333
40433333
40533333
40633333
40733333
40833333
40933333
41033333
41133333
41233333
41333333
41433333
41533333
41633333
41733333
41833333
41933333
42033333
42133333
42233333
42333333
42433333
42533333
42633333
42733333
42833333
42933333
43033333
43133333
43233333
43333333
43433333
43533333
43633333
43733333
43833333
43933333
44033333
44133333
44233333
44333333
44433333
44533333
44633333
44733333
44833333
44933333
45033333
45133333
45233333
45333333
45433333
45533333
45633333
45733333
45833333
45933333
46033333
46133333
46233333
46333333
46433333
46533333
46633333
46733333
46833333
46933333
47033333
47133333
47233333
47333333
47433333
47533333
47633333
47733333
47833333
47933333
48033333
48133333
48233333
48333333
48433333
48533333
48633333
48733333
48833333
48933333
49033333
49133333
49233333
49333333
49433333
49533333
49633333
49733333
49833333
49933333
50033333
50133333
50233333
50333333
50433333
50533333
50633333
50733333
50833333
50933333
51033333
51133333
51233333
51333333
51433333
51533333
51633333
51733333
51833333
51933333
52033333
52133333
52233333
52333333
52433333
52533333
52633333
52733333
52833333
52933333
53033333
53133333
53233333
53333333
53433333
53533333
53633333
53733333
53833333
53933333
54033333
54133333
54233333
54333333
54433333
54533333
54633333
54733333
54833333
54933333
55033333
55133333
55233333
55333333
55433333
55533333
55633333
55733333
55833333
55933333
56033333
56133333
56233333
56333333
56433333
56533333
56633333
56733333
56833333
56933333
57033333
57133333
57233333
57333333
57433333
57533333
57633333
57733333
57833333
57933333
58033333
58133333
58233333
58333333
58433333
58533333
58633333
58733333
58833333
58933333
59033333
59133333
59233333
59333333
59433333
59533333
59633333
59733333
59833333
59933333
60033333
60133333
60233333
60333333
60433333
60533333
60633333
60733333
60833333
60933333
61033333
61133333
61233333
61333333
61433333
61533333
61633333
61733333
61833333
61933333
62033333
62133333
62233333
62333333
62433333
62533333
62633333
62733333
62833333
62933333
63033333
63133333
63233333
63333333
63433333
63533333
63633333
63733333
63833333
63933333
64033333
64133333
64233333
64333333
64433333
64533333
64633333
64733333
64833333
64933333
65033333
65133333
65233333
65333333
65433333
65533333
65633333
65733333
65833333
65933333
66033333
66133333
66233333
66333333
66433333
66533333
66633333
66733333
66833333
66933333
67033333
67133333
67233333
67333333
67433333
67533333
67633333
67733333
67833333
67933333
68033333
68133333
68233333
68333333
68433333
68533333
68633333
68733333
68833333
68933333
69033333
69133333
69233333
69333333
69433333
69533333
69633333
69733333
69833333
69933333
70033333
70133333
70233333
70333333
70433333
70533333
70633333
70733333
70833333
70933333
71033333
71133333
71233333
71333333
71433333
71533333
71633333
71733333
71833333
71933333
72033333
72133333
72233333
72333333
72433333
72533333
72633333
72733333
72833333
72933333
73033333
73133333
73233333
73333333
73433333
73533333
73633333
73733333
73833333
73933333
74033333
74133333
74233333
74333333
74433333
74533333
74633333
74733333
74833333
74933333
75033333
75133333
75233333
75333333
75433333
75533333
75633333
75733333
75833333
75933333
76033333
76133333
76233333
76333333
76433333
76533333
76633333
76733333
76833333
76933333
77033333
77133333
77233333
77333333
77433333
77533333
77633333
77733333
77833333
77933333
78033333
78133333
78233333
78333333
78433333
78533333
78633333
78733333
78833333
78933333
79033333
79133333
79233333
79333333
79433333
79533333
79633333
79733333
79833333
79933333
80033333
80133333
80233333
80333333
80433333
80533333
80633333
80733333
80833333
80933333
81033333
81133333
81233333
81333333
81433333
81533333
81633333
81733333
81833333
81933333
82033333
82133333
82233333
82333333
82433333
82533333
82633333
82733333
82833333
82933333
83033333
83133333
83233333
83333333
83433333
83533333
83633333
83733333
83833333
83933333
84033333
84133333
84233333
84333333
84433333
84533333
84633333
84733333
84833333
84933333
85033333
85133333
85233333
85333333
85433333
85533333
85633333
85733333
85833333
85933333
86033333
86133333
86233333
86333333
86433333
86533333
86633333
86733333
86833333
86933333
87033333
87133333
87233333
87333333
87433333
87533333
87633333
87733333
87833333
87933333
88033333
88133333
88233333
88333333
88433333
88533333
88633333
88733333
88833333
88933333
89033333
89133333
89233333
89333333
89433333
89533333
89633333
89733333
89833333
89933333
90033333
90133333
90233333
90333333
90433333
90533333
90633333
90733333
90833333
90933333
91033333
91133333
91233333
91333333
91433333
91533333
91633333
91733333
91833333
91933333
92033333
92133333
92233333
92333333
92433333
92533333
92633333
92733333
92833333
92933333
93033333
93133333
93233333
93333333
93433333
93533333
93633333
93733333
93833333
93933333
94033333
94133333
94233333
94333333
94433333
94533333
94633333
94733333
94833333
94933333
95033333
95133333
95233333
95333333
95433333
95533333
95633333
95733333
95833333
95933333
96033333
96133333
96233333
96333333
96433333
96533333
96633333
96733333
96833333
96933333
97033333
97133333
97233333
97333333
97433333
97533333
97633333
97733333
97833333
97933333
98033333
98133333
98233333
98333333
98433333
98533333
98633333
98733333
98833333
98933333
99033333
99133333
99233333
99333333
99433333
99533333
99633333
99733333
99833333
99933333
00044444
00144444
00244444
00344444
00444444
00544444
00644444
00744444
00844444
00944444
01044444
01144444
01244444
01344444
01444444
01544444
01644444
01744444
01844444
01944444
02044444
02144444
02244444
02344444
02444444
02544444
02644444
02744444
02844444
02944444
03044444
03144444
03244444
03344444
03444444
03544444
03644444
03744444
03844444
03944444
04044444
04144444
04244444
04344444
04444444
04544444
04644444
04744444
04844444
04944444
05044444
05144444
05244444
05344444
05444444
05544444
05644444
05744444
05844444
05944444
06044444
06144444
06244444
06344444
06444444
06544444
06644444
06744444
06844444
06944444
07044444
07144444
07244444
07344444
07444444
07544444
07644444
07744444
07844444
07944444
08044444
08144444
08244444
08344444
08444444
08544444
08644444
08744444
08844444
08944444
09044444
09144444
09244444
09344444
09444444
09544444
09644444
09744444
09844444
09944444
10044444
10144444
10244444
10344444
10444444
10544444
10644444
10744444
10844444
10944444
11044444
11144444
11244444
11344444
11444444
11544444
11644444
11744444
11844444
11944444
12044444
12144444
12244444
12344444
12444444
12544444
12644444
12744444
12844444
12944444
13044444
13144444
13244444
13344444
13444444
13544444
13644444
13744444
13844444
13944444
14044444
14144444
14244444
14344444
14444444
14544444
14644444
14744444
14844444
14944444
15044444
15144444
15244444
15344444
15444444
15544444
15644444
15744444
15844444
15944444
16044444
16144444
16244444
16344444
16444444
16544444
16644444
16744444
16844444
16944444
17044444
17144444
17244444
17344444
17444444
17544444
17644444
17744444
17844444
17944444
18044444
18144444
18244444
18344444
18444444
18544444
18644444
18744444
18844444
18944444
19044444
19144444
19244444
19344444
19444444
19544444
19644444
19744444
19844444
19944444
20044444
20144444
20244444
20344444
20444444
20544444
20644444
20744444
20844444
20944444
21044444
21144444
21244444
21344444
21444444
21544444
21644444
21744444
21844444
21944444
22044444
22144444
22244444
22344444
22444444
22544444
22644444
22744444
22844444
22944444
23044444
23144444
23244444
23344444
23444444
23544444
23644444
23744444
23844444
23944444
24044444
24144444
24244444
24344444
24444444
24544444
24644444
24744444
24844444
24944444
25044444
25144444
25244444
25344444
25444444
25544444
25644444
25744444
25844444
25944444
26044444
26144444
26244444
26344444
26444444
26544444
26644444
26744444
26844444
26944444
27044444
27144444
27244444
27344444
27444444
27544444
27644444
27744444
27844444
27944444
28044444
28144444
28244444
28344444
28444444
28544444
28644444
28744444
28844444
28944444
29044444
29144444
29244444
29344444
29444444
29544444
29644444
29744444
29844444
29944444
30044444
30144444
30244444
30344444
30444444
30544444
30644444
30744444
30844444
30944444
31044444
31144444
31244444
31344444
31444444
31544444
31644444
31744444
31844444
31944444
32044444
32144444
32244444
32344444
32444444
32544444
32644444
32744444
32844444
32944444
33044444
33144444
33244444
33344444
33444444
33544444
33644444
33744444
33844444
33944444
34044444
34144444
34244444
34344444
34444444
34544444
34644444
34744444
34844444
34944444
35044444
35144444
35244444
35344444
35444444
35544444
35644444
35744444
35844444
35944444
36044444
36144444
36244444
36344444
36444444
36544444
36644444
36744444
36844444
36944444
37044444
37144444
37244444
37344444
37444444
37544444
37644444
37744444
37844444
37944444
38044444
38144444
38244444
38344444
38444444
38544444
38644444
38744444
38844444
38944444
39044444
39144444
39244444
39344444
39444444
39544444
39644444
39744444
39844444
39944444
40044444
40144444
40244444
40344444
40444444
40544444
40644444
40744444
40844444
40944444
41044444
41144444
41244444
41344444
41444444
41544444
41644444
41744444
41844444
41944444
42044444
42144444
42244444
42344444
42444444
42544444
42644444
42744444
42844444
42944444
43044444
43144444
43244444
43344444
43444444
43544444
43644444
43744444
43844444
43944444
44044444
44144444
44244444
44344444
44444444
44544444
44644444
44744444
44844444
44944444
45044444
45144444
45244444
45344444
45444444
45544444
45644444
45744444
45844444
45944444
46044444
46144444
46244444
46344444
46444444
46544444
46644444
46744444
46844444
46944444
47044444
47144444
47244444
47344444
47444444
47544444
47644444
47744444
47844444
47944444
48044444
48144444
48244444
48344444
48444444
48544444
48644444
48744444
48844444
48944444
49044444
49144444
49244444
49344444
49444444
49544444
49644444
49744444
49844444
49944444
50044444
50144444
50244444
50344444
50444444
50544444
50644444
50744444
50844444
50944444
51044444
51144444
51244444
51344444
51444444
51544444
51644444
51744444
51844444
51944444
52044444
52144444
52244444
52344444
52444444
52544444
52644444
52744444
52844444
52944444
53044444
53144444
53244444
53344444
53444444
53544444
53644444
53744444
53844444
53944444
54044444
54144444
54244444
54344444
54444444
54544444
54644444
54744444
54844444
54944444
55044444
55144444
55244444
55344444
55444444
55544444
55644444
55744444
55844444
55944444
56044444
56144444
56244444
56344444
56444444
56544444
56644444
56744444
56844444
56944444
57044444
57144444
57244444
57344444
57444444
57544444
57644444
57744444
57844444
57944444
58044444
58144444
58244444
58344444
58444444
58544444
58644444
58744444
58844444
58944444
59044444
59144444
59244444
59344444
59444444
59544444
59644444
59744444
59844444
59944444
60044444
60144444
60244444
60344444
60444444
60544444
60644444
60744444
60844444
60944444
61044444
61144444
61244444
61344444
61444444
61544444
61644444
61744444
61844444
61944444
62044444
62144444
62244444
62344444
62444444
62544444
62644444
62744444
62844444
62944444
63044444
63144444
63244444
63344444
63444444
63544444
63644444
63744444
63844444
63944444
64044444
64144444
64244444
64344444
64444444
64544444
64644444
64744444
64844444
64944444
65044444
65144444
65244444
65344444
65444444
65544444
65644444
65744444
65844444
65944444
66044444
66144444
66244444
66344444
66444444
66544444
66644444
66744444
66844444
66944444
67044444
67144444
67244444
67344444
67444444
67544444
67644444
67744444
67844444
67944444
68044444
68144444
68244444
68344444
68444444
68544444
68644444
68744444
68844444
68944444
69044444
69144444
69244444
69344444
69444444
69544444
69644444
69744444
69844444
69944444
70044444
70144444
70244444
70344444
70444444
70544444
70644444
70744444
70844444
70944444
71044444
71144444
71244444
71344444
71444444
71544444
71644444
71744444
71844444
71944444
72044444
72144444
72244444
72344444
72444444
72544444
72644444
72744444
72844444
72944444
73044444
73144444
73244444
73344444
73444444
73544444
73644444
73744444
73844444
73944444
74044444
74144444
74244444
74344444
74444444
74544444
74644444
74744444
74844444
74944444
75044444
75144444
75244444
75344444
75444444
75544444
75644444
75744444
75844444
75944444
76044444
76144444
76244444
76344444
76444444
76544444
76644444
76744444
76844444
76944444
77044444
77144444
77244444
77344444
77444444
77544444
77644444
77744444
77844444
77944444
78044444
78144444
78244444
78344444
78444444
78544444
78644444
78744444
78844444
78944444
79044444
79144444
79244444
79344444
79444444
79544444
79644444
79744444
79844444
79944444
80044444
80144444
80244444
80344444
80444444
80544444
80644444
80744444
80844444
80944444
81044444
81144444
81244444
81344444
81444444
81544444
81644444
81744444
81844444
81944444
82044444
82144444
82244444
82344444
82444444
82544444
82644444
82744444
82844444
82944444
83044444
83144444
83244444
83344444
83444444
83544444
83644444
83744444
83844444
83944444
84044444
84144444
84244444
84344444
84444444
84544444
84644444
84744444
84844444
84944444
85044444
85144444
85244444
85344444
85444444
85544444
85644444
85744444
85844444
85944444
86044444
86144444
86244444
86344444
86444444
86544444
86644444
86744444
86844444
86944444
87044444
87144444
87244444
87344444
87444444
87544444
87644444
87744444
87844444
87944444
88044444
88144444
88244444
88344444
88444444
88544444
88644444
88744444
88844444
88944444
89044444
89144444
89244444
89344444
89444444
89544444
89644444
89744444
89844444
89944444
90044444
90144444
90244444
90344444
90444444
90544444
90644444
90744444
90844444
90944444
91044444
91144444
91244444
91344444
91444444
91544444
91644444
91744444
91844444
91944444
92044444
92144444
92244444
92344444
92444444
92544444
92644444
92744444
92844444
92944444
93044444
93144444
93244444
93344444
93444444
93544444
93644444
93744444
93844444
93944444
94044444
94144444
94244444
94344444
94444444
94544444
94644444
94744444
94844444
94944444
95044444
95144444
95244444
95344444
95444444
95544444
95644444
95744444
95844444
95944444
96044444
96144444
96244444
96344444
96444444
96544444
96644444
96744444
96844444
96944444
97044444
97144444
97244444
97344444
97444444
97544444
97644444
97744444
97844444
97944444
98044444
98144444
98244444
98344444
98444444
98544444
98644444
98744444
98844444
98944444
99044444
99144444
99244444
99344444
99444444
99544444
99644444
99744444
99844444
99944444
00055555
00155555
00255555
00355555
00455555
00555555
00655555
00755555
00855555
00955555
01055555
01155555
01255555
01355555
01455555
01555555
01655555
01755555
01855555
01955555
02055555
02155555
02255555
02355555
02455555
02555555
02655555
02755555
02855555
02955555
03055555
03155555
03255555
03355555
03455555
03555555
03655555
03755555
03855555
03955555
04055555
04155555
04255555
04355555
04455555
04555555
04655555
04755555
04855555
04955555
05055555
05155555
05255555
05355555
05455555
05555555
05655555
05755555
05855555
05955555
06055555
06155555
06255555
06355555
06455555
06555555
06655555
06755555
06855555
06955555
07055555
07155555
07255555
07355555
07455555
07555555
07655555
07755555
07855555
07955555
08055555
08155555
08255555
08355555
08455555
08555555
08655555
08755555
08855555
08955555
09055555
09155555
09255555
09355555
09455555
09555555
09655555
09755555
09855555
09955555
10055555
10155555
10255555
10355555
10455555
10555555
10655555
10755555
10855555
10955555
11055555
11155555
11255555
11355555
11455555
11555555
11655555
11755555
11855555
11955555
12055555
12155555
12255555
12355555
12455555
12555555
12655555
12755555
12855555
12955555
13055555
13155555
13255555
13355555
13455555
13555555
13655555
13755555
13855555
13955555
14055555
14155555
14255555
14355555
14455555
14555555
14655555
14755555
14855555
14955555
15055555
15155555
15255555
15355555
15455555
15555555
15655555
15755555
15855555
15955555
16055555
16155555
16255555
16355555
16455555
16555555
16655555
16755555
16855555
16955555
17055555
17155555
17255555
17355555
17455555
17555555
17655555
17755555
17855555
17955555
18055555
18155555
18255555
18355555
18455555
18555555
18655555
18755555
18855555
18955555
19055555
19155555
19255555
19355555
19455555
19555555
19655555
19755555
19855555
19955555
20055555
20155555
20255555
20355555
20455555
20555555
20655555
20755555
20855555
20955555
21055555
21155555
21255555
21355555
21455555
21555555
21655555
21755555
21855555
21955555
22055555
22155555
22255555
22355555
22455555
22555555
22655555
22755555
22855555
22955555
23055555
23155555
23255555
23355555
23455555
23555555
23655555
23755555
23855555
23955555
24055555
24155555
24255555
24355555
24455555
24555555
24655555
24755555
24855555
24955555
25055555
25155555
25255555
25355555
25455555
25555555
25655555
25755555
25855555
25955555
26055555
26155555
26255555
26355555
26455555
26555555
26655555
26755555
26855555
26955555
27055555
27155555
27255555
27355555
27455555
27555555
27655555
27755555
27855555
27955555
28055555
28155555
28255555
28355555
28455555
28555555
28655555
28755555
28855555
28955555
29055555
29155555
29255555
29355555
29455555
29555555
29655555
29755555
29855555
29955555
30055555
30155555
30255555
30355555
30455555
30555555
30655555
30755555
30855555
30955555
31055555
31155555
31255555
31355555
31455555
31555555
31655555
31755555
31855555
31955555
32055555
32155555
32255555
32355555
32455555
32555555
32655555
32755555
32855555
32955555
33055555
33155555
33255555
33355555
33455555
33555555
33655555
33755555
33855555
33955555
34055555
34155555
34255555
34355555
34455555
34555555
34655555
34755555
34855555
34955555
35055555
35155555
35255555
35355555
35455555
35555555
35655555
35755555
35855555
35955555
36055555
36155555
36255555
36355555
36455555
36555555
36655555
36755555
36855555
36955555
37055555
37155555
37255555
37355555
37455555
37555555
37655555
37755555
37855555
37955555
38055555
38155555
38255555
38355555
38455555
38555555
38655555
38755555
38855555
38955555
39055555
39155555
39255555
39355555
39455555
39555555
39655555
39755555
39855555
39955555
40055555
40155555
40255555
40355555
40455555
40555555
40655555
40755555
40855555
40955555
41055555
41155555
41255555
41355555
41455555
41555555
41655555
41755555
41855555
41955555
42055555
42155555
42255555
42355555
42455555
42555555
42655555
42755555
42855555
42955555
43055555
43155555
43255555
43355555
43455555
43555555
43655555
43755555
43855555
43955555
44055555
44155555
44255555
44355555
44455555
44555555
44655555
44755555
44855555
44955555
45055555
45155555
45255555
45355555
45455555
45555555
45655555
45755555
45855555
45955555
46055555
46155555
46255555
46355555
46455555
46555555
46655555
46755555
46855555
46955555
47055555
47155555
47255555
47355555
47455555
47555555
47655555
47755555
47855555
47955555
48055555
48155555
48255555
48355555
48455555
48555555
48655555
48755555
48855555
48955555
49055555
49155555
49255555
49355555
49455555
49555555
49655555
49755555
49855555
49955555
50055555
50155555
50255555
50355555
50455555
50555555
50655555
50755555
50855555
50955555
51055555
51155555
51255555
51355555
51455555
51555555
51655555
51755555
51855555
51955555
52055555
52155555
52255555
52355555
52455555
52555555
52655555
52755555
52855555
52955555
53055555
53155555
53255555
53355555
53455555
53555555
53655555
53755555
53855555
53955555
54055555
54155555
54255555
54355555
54455555
54555555
54655555
54755555
54855555
54955555
55055555
55155555
55255555
55355555
55455555
55555555
55655555
55755555
55855555
55955555
56055555
56155555
56255555
56355555
56455555
56555555
56655555
56755555
56855555
56955555
57055555
57155555
57255555
57355555
57455555
57555555
57655555
57755555
57855555
57955555
58055555
58155555
58255555
58355555
58455555
58555555
58655555
58755555
58855555
58955555
59055555
59155555
59255555
59355555
59455555
59555555
59655555
59755555
59855555
59955555
60055555
60155555
60255555
60355555
60455555
60555555
60655555
60755555
60855555
60955555
61055555
61155555
61255555
61355555
61455555
61555555
61655555
61755555
61855555
61955555
62055555
62155555
62255555
62355555
62455555
62555555
62655555
62755555
62855555
62955555
63055555
63155555
63255555
63355555
63455555
63555555
63655555
63755555
63855555
63955555
64055555
64155555
64255555
64355555
64455555
64555555
64655555
64755555
64855555
64955555
65055555
65155555
65255555
65355555
65455555
65555555
65655555
65755555
65855555
65955555
66055555
66155555
66255555
66355555
66455555
66555555
66655555
66755555
66855555
66955555
67055555
67155555
67255555
67355555
67455555
67555555
67655555
67755555
67855555
67955555
68055555
68155555
68255555
68355555
68455555
68555555
68655555
68755555
68855555
68955555
69055555
69155555
69255555
69355555
69455555
69555555
69655555
69755555
69855555
69955555
70055555
70155555
70255555
70355555
70455555
70555555
70655555
70755555
70855555
70955555
71055555
71155555
71255555
71355555
71455555
71555555
71655555
71755555
71855555
71955555
72055555
72155555
72255555
72355555
72455555
72555555
72655555
72755555
72855555
72955555
73055555
73155555
73255555
73355555
73455555
73555555
73655555
73755555
73855555
73955555
74055555
74155555
74255555
74355555
74455555
74555555
74655555
74755555
74855555
74955555
75055555
75155555
75255555
75355555
75455555
75555555
75655555
75755555
75855555
75955555
76055555
76155555
76255555
76355555
76455555
76555555
76655555
76755555
76855555
76955555
77055555
77155555
77255555
77355555
77455555
77555555
77655555
77755555
77855555
77955555
78055555
78155555
78255555
78355555
78455555
78555555
78655555
78755555
78855555
78955555
79055555
79155555
79255555
79355555
79455555
79555555
79655555
79755555
79855555
79955555
80055555
80155555
80255555
80355555
80455555
80555555
80655555
80755555
80855555
80955555
81055555
81155555
81255555
81355555
81455555
81555555
81655555
81755555
81855555
81955555
82055555
82155555
82255555
82355555
82455555
82555555
82655555
82755555
82855555
82955555
83055555
83155555
83255555
83355555
83455555
83555555
83655555
83755555
83855555
83955555
84055555
84155555
84255555
84355555
84455555
84555555
84655555
84755555
84855555
84955555
85055555
85155555
85255555
85355555
85455555
85555555
85655555
85755555
85855555
85955555
86055555
86155555
86255555
86355555
86455555
86555555
86655555
86755555
86855555
86955555
87055555
87155555
87255555
87355555
87455555
87555555
87655555
87755555
87855555
87955555
88055555
88155555
88255555
88355555
88455555
88555555
88655555
88755555
88855555
88955555
89055555
89155555
89255555
89355555
89455555
89555555
89655555
89755555
89855555
89955555
90055555
90155555
90255555
90355555
90455555
90555555
90655555
90755555
90855555
90955555
91055555
91155555
91255555
91355555
91455555
91555555
91655555
91755555
91855555
91955555
92055555
92155555
92255555
92355555
92455555
92555555
92655555
92755555
92855555
92955555
93055555
93155555
93255555
93355555
93455555
93555555
93655555
93755555
93855555
93955555
94055555
94155555
94255555
94355555
94455555
94555555
94655555
94755555
94855555
94955555
95055555
95155555
95255555
95355555
95455555
95555555
95655555
95755555
95855555
95955555
96055555
96155555
96255555
96355555
96455555
96555555
96655555
96755555
96855555
96955555
97055555
97155555
97255555
97355555
97455555
97555555
97655555
97755555
97855555
97955555
98055555
98155555
98255555
98355555
98455555
98555555
98655555
98755555
98855555
98955555
99055555
99155555
99255555
99355555
99455555
99555555
99655555
99755555
99855555
99955555
00066666
00166666
00266666
00366666
00466666
00566666
00666666
00766666
00866666
00966666
01066666
01166666
01266666
01366666
01466666
01566666
01666666
01766666
01866666
01966666
02066666
02166666
02266666
02366666
02466666
02566666
02666666
02766666
02866666
02966666
03066666
03166666
03266666
03366666
03466666
03566666
03666666
03766666
03866666
03966666
04066666
04166666
04266666
04366666
04466666
04566666
04666666
04766666
04866666
04966666
05066666
05166666
05266666
05366666
05466666
05566666
05666666
05766666
05866666
05966666
06066666
06166666
06266666
06366666
06466666
06566666
06666666
06766666
06866666
06966666
07066666
07166666
07266666
07366666
07466666
07566666
07666666
07766666
07866666
07966666
08066666
08166666
08266666
08366666
08466666
08566666
08666666
08766666
08866666
08966666
09066666
09166666
09266666
09366666
09466666
09566666
09666666
09766666
09866666
09966666
10066666
10166666
10266666
10366666
10466666
10566666
10666666
10766666
10866666
10966666
11066666
11166666
11266666
11366666
11466666
11566666
11666666
11766666
11866666
11966666
12066666
12166666
12266666
12366666
12466666
12566666
12666666
12766666
12866666
12966666
13066666
13166666
13266666
13366666
13466666
13566666
13666666
13766666
13866666
13966666
14066666
14166666
14266666
14366666
14466666
14566666
14666666
14766666
14866666
14966666
15066666
15166666
15266666
15366666
15466666
15566666
15666666
15766666
15866666
15966666
16066666
16166666
16266666
16366666
16466666
16566666
16666666
16766666
16866666
16966666
17066666
17166666
17266666
17366666
17466666
17566666
17666666
17766666
17866666
17966666
18066666
18166666
18266666
18366666
18466666
18566666
18666666
18766666
18866666
18966666
19066666
19166666
19266666
19366666
19466666
19566666
19666666
19766666
19866666
19966666
20066666
20166666
20266666
20366666
20466666
20566666
20666666
20766666
20866666
20966666
21066666
21166666
21266666
21366666
21466666
21566666
21666666
21766666
21866666
21966666
22066666
22166666
22266666
22366666
22466666
22566666
22666666
22766666
22866666
22966666
23066666
23166666
23266666
23366666
23466666
23566666
23666666
23766666
23866666
23966666
24066666
24166666
24266666
24366666
24466666
24566666
24666666
24766666
24866666
24966666
25066666
25166666
25266666
25366666
25466666
25566666
25666666
25766666
25866666
25966666
26066666
26166666
26266666
26366666
26466666
26566666
26666666
26766666
26866666
26966666
27066666
27166666
27266666
27366666
27466666
27566666
27666666
27766666
27866666
27966666
28066666
28166666
28266666
28366666
28466666
28566666
28666666
28766666
28866666
28966666
29066666
29166666
29266666
29366666
29466666
29566666
29666666
29766666
29866666
29966666
30066666
30166666
30266666
30366666
30466666
30566666
30666666
30766666
30866666
30966666
31066666
31166666
31266666
31366666
31466666
31566666
31666666
31766666
31866666
31966666
32066666
32166666
32266666
32366666
32466666
32566666
32666666
32766666
32866666
32966666
33066666
33166666
33266666
33366666
33466666
33566666
33666666
33766666
33866666
33966666
34066666
34166666
34266666
34366666
34466666
34566666
34666666
34766666
34866666
34966666
35066666
35166666
35266666
35366666
35466666
35566666
35666666
35766666
35866666
35966666
36066666
36166666
36266666
36366666
36466666
36566666
36666666
36766666
36866666
36966666
37066666
37166666
37266666
37366666
37466666
37566666
37666666
37766666
37866666
37966666
38066666
38166666
38266666
38366666
38466666
38566666
38666666
38766666
38866666
38966666
39066666
39166666
39266666
39366666
39466666
39566666
39666666
39766666
39866666
39966666
40066666
40166666
40266666
40366666
40466666
40566666
40666666
40766666
40866666
40966666
41066666
41166666
41266666
41366666
41466666
41566666
41666666
41766666
41866666
41966666
42066666
42166666
42266666
42366666
42466666
42566666
42666666
42766666
42866666
42966666
43066666
43166666
43266666
43366666
43466666
43566666
43666666
43766666
43866666
43966666
44066666
44166666
44266666
44366666
44466666
44566666
44666666
44766666
44866666
44966666
45066666
45166666
45266666
45366666
45466666
45566666
45666666
45766666
45866666
45966666
46066666
46166666
46266666
46366666
46466666
46566666
46666666
46766666
46866666
46966666
47066666
47166666
47266666
47366666
47466666
47566666
47666666
47766666
47866666
47966666
48066666
48166666
48266666
48366666
48466666
48566666
48666666
48766666
48866666
48966666
49066666
49166666
49266666
49366666
49466666
49566666
49666666
49766666
49866666
49966666
50066666
50166666
50266666
50366666
50466666
50566666
50666666
50766666
50866666
50966666
51066666
51166666
51266666
51366666
51466666
51566666
51666666
51766666
51866666
51966666
52066666
52166666
52266666
52366666
52466666
52566666
52666666
52766666
52866666
52966666
53066666
53166666
53266666
53366666
53466666
53566666
53666666
53766666
53866666
53966666
54066666
54166666
54266666
54366666
54466666
54566666
54666666
54766666
54866666
54966666
55066666
55166666
55266666
55366666
55466666
55566666
55666666
55766666
55866666
55966666
56066666
56166666
56266666
56366666
56466666
56566666
56666666
56766666
56866666
56966666
57066666
57166666
57266666
57366666
57466666
57566666
57666666
57766666
57866666
57966666
58066666
58166666
58266666
58366666
58466666
58566666
58666666
58766666
58866666
58966666
59066666
59166666
59266666
59366666
59466666
59566666
59666666
59766666
59866666
59966666
60066666
60166666
60266666
60366666
60466666
60566666
60666666
60766666
60866666
60966666
61066666
61166666
61266666
61366666
61466666
61566666
61666666
61766666
61866666
61966666
62066666
62166666
62266666
62366666
62466666
62566666
62666666
62766666
62866666
62966666
63066666
63166666
63266666
63366666
63466666
63566666
63666666
63766666
63866666
63966666
64066666
64166666
64266666
64366666
64466666
64566666
64666666
64766666
64866666
64966666
65066666
65166666
65266666
65366666
65466666
65566666
65666666
65766666
65866666
65966666
66066666
66166666
66266666
66366666
66466666
66566666
66666666
66766666
66866666
66966666
67066666
67166666
67266666
67366666
67466666
67566666
67666666
67766666
67866666
67966666
68066666
68166666
68266666
68366666
68466666
68566666
68666666
68766666
68866666
68966666
69066666
69166666
69266666
69366666
69466666
69566666
69666666
69766666
69866666
69966666
70066666
70166666
70266666
70366666
70466666
70566666
70666666
70766666
70866666
70966666
71066666
71166666
71266666
71366666
71466666
71566666
71666666
71766666
71866666
71966666
72066666
72166666
72266666
72366666
72466666
72566666
72666666
72766666
72866666
72966666
73066666
73166666
73266666
73366666
73466666
73566666
73666666
73766666
73866666
73966666
74066666
74166666
74266666
74366666
74466666
74566666
74666666
74766666
74866666
74966666
75066666
75166666
75266666
75366666
75466666
75566666
75666666
75766666
75866666
75966666
76066666
76166666
76266666
76366666
76466666
76566666
76666666
76766666
76866666
76966666
77066666
77166666
77266666
77366666
77466666
77566666
77666666
77766666
77866666
77966666
78066666
78166666
78266666
78366666
78466666
78566666
78666666
78766666
78866666
78966666
79066666
79166666
79266666
79366666
79466666
79566666
79666666
79766666
79866666
79966666
80066666
80166666
80266666
80366666
80466666
80566666
80666666
80766666
80866666
80966666
81066666
81166666
81266666
81366666
81466666
81566666
81666666
81766666
81866666
81966666
82066666
82166666
82266666
82366666
82466666
82566666
82666666
82766666
82866666
82966666
83066666
83166666
83266666
83366666
83466666
83566666
83666666
83766666
83866666
83966666
84066666
84166666
84266666
84366666
84466666
84566666
84666666
84766666
84866666
84966666
85066666
85166666
85266666
85366666
85466666
85566666
85666666
85766666
85866666
85966666
86066666
86166666
86266666
86366666
86466666
86566666
86666666
86766666
86866666
86966666
87066666
87166666
87266666
87366666
87466666
87566666
87666666
87766666
87866666
87966666
88066666
88166666
88266666
88366666
88466666
88566666
88666666
88766666
88866666
88966666
89066666
89166666
89266666
89366666
89466666
89566666
89666666
89766666
89866666
89966666
90066666
90166666
90266666
90366666
90466666
90566666
90666666
90766666
90866666
90966666
91066666
91166666
91266666
91366666
91466666
91566666
91666666
91766666
91866666
91966666
92066666
92166666
92266666
92366666
92466666
92566666
92666666
92766666
92866666
92966666
93066666
93166666
93266666
93366666
93466666
93566666
93666666
93766666
93866666
93966666
94066666
94166666
94266666
94366666
94466666
94566666
94666666
94766666
94866666
94966666
95066666
95166666
95266666
95366666
95466666
95566666
95666666
95766666
95866666
95966666
96066666
96166666
96266666
96366666
96466666
96566666
96666666
96766666
96866666
96966666
97066666
97166666
97266666
97366666
97466666
97566666
97666666
97766666
97866666
97966666
98066666
98166666
98266666
98366666
98466666
98566666
98666666
98766666
98866666
98966666
99066666
99166666
99266666
99366666
99466666
99566666
99666666
99766666
99866666
99966666
00077777
00177777
00277777
00377777
00477777
00577777
00677777
00777777
00877777
00977777
01077777
01177777
01277777
01377777
01477777
01577777
01677777
01777777
01877777
01977777
02077777
02177777
02277777
02377777
02477777
02577777
02677777
02777777
02877777
02977777
03077777
03177777
03277777
03377777
03477777
03577777
03677777
03777777
03877777
03977777
04077777
04177777
04277777
04377777
04477777
04577777
04677777
04777777
04877777
04977777
05077777
05177777
05277777
05377777
05477777
05577777
05677777
05777777
05877777
05977777
06077777
06177777
06277777
06377777
06477777
06577777
06677777
06777777
06877777
06977777
07077777
07177777
07277777
07377777
07477777
07577777
07677777
07777777
07877777
07977777
08077777
08177777
08277777
08377777
08477777
08577777
08677777
08777777
08877777
08977777
09077777
09177777
09277777
09377777
09477777
09577777
09677777
09777777
09877777
09977777
10077777
10177777
10277777
10377777
10477777
10577777
10677777
10777777
10877777
10977777
11077777
11177777
11277777
11377777
11477777
11577777
11677777
11777777
11877777
11977777
12077777
12177777
12277777
12377777
12477777
12577777
12677777
12777777
12877777
12977777
13077777
13177777
13277777
13377777
13477777
13577777
13677777
13777777
13877777
13977777
14077777
14177777
14277777
14377777
14477777
14577777
14677777
14777777
14877777
14977777
15077777
15177777
15277777
15377777
15477777
15577777
15677777
15777777
15877777
15977777
16077777
16177777
16277777
16377777
16477777
16577777
16677777
16777777
16877777
16977777
17077777
17177777
17277777
17377777
17477777
17577777
17677777
17777777
17877777
17977777
18077777
18177777
18277777
18377777
18477777
18577777
18677777
18777777
18877777
18977777
19077777
19177777
19277777
19377777
19477777
19577777
19677777
19777777
19877777
19977777
20077777
20177777
20277777
20377777
20477777
20577777
20677777
20777777
20877777
20977777
21077777
21177777
21277777
21377777
21477777
21577777
21677777
21777777
21877777
21977777
22077777
22177777
22277777
22377777
22477777
22577777
22677777
22777777
22877777
22977777
23077777
23177777
23277777
23377777
23477777
23577777
23677777
23777777
23877777
23977777
24077777
24177777
24277777
24377777
24477777
24577777
24677777
24777777
24877777
24977777
25077777
25177777
25277777
25377777
25477777
25577777
25677777
25777777
25877777
25977777
26077777
26177777
26277777
26377777
26477777
26577777
26677777
26777777
26877777
26977777
27077777
27177777
27277777
27377777
27477777
27577777
27677777
27777777
27877777
27977777
28077777
28177777
28277777
28377777
28477777
28577777
28677777
28777777
28877777
28977777
29077777
29177777
29277777
29377777
29477777
29577777
29677777
29777777
29877777
29977777
30077777
30177777
30277777
30377777
30477777
30577777
30677777
30777777
30877777
30977777
31077777
31177777
31277777
31377777
31477777
31577777
31677777
31777777
31877777
31977777
32077777
32177777
32277777
32377777
32477777
32577777
32677777
32777777
32877777
32977777
33077777
33177777
33277777
33377777
33477777
33577777
33677777
33777777
33877777
33977777
34077777
34177777
34277777
34377777
34477777
34577777
34677777
34777777
34877777
34977777
35077777
35177777
35277777
35377777
35477777
35577777
35677777
35777777
35877777
35977777
36077777
36177777
36277777
36377777
36477777
36577777
36677777
36777777
36877777
36977777
37077777
37177777
37277777
37377777
37477777
37577777
37677777
37777777
37877777
37977777
38077777
38177777
38277777
38377777
38477777
38577777
38677777
38777777
38877777
38977777
39077777
39177777
39277777
39377777
39477777
39577777
39677777
39777777
39877777
39977777
40077777
40177777
40277777
40377777
40477777
40577777
40677777
40777777
40877777
40977777
41077777
41177777
41277777
41377777
41477777
41577777
41677777
41777777
41877777
41977777
42077777
42177777
42277777
42377777
42477777
42577777
42677777
42777777
42877777
42977777
43077777
43177777
43277777
43377777
43477777
43577777
43677777
43777777
43877777
43977777
44077777
44177777
44277777
44377777
44477777
44577777
44677777
44777777
44877777
44977777
45077777
45177777
45277777
45377777
45477777
45577777
45677777
45777777
45877777
45977777
46077777
46177777
46277777
46377777
46477777
46577777
46677777
46777777
46877777
46977777
47077777
47177777
47277777
47377777
47477777
47577777
47677777
47777777
47877777
47977777
48077777
48177777
48277777
48377777
48477777
48577777
48677777
48777777
48877777
48977777
49077777
49177777
49277777
49377777
49477777
49577777
49677777
49777777
49877777
49977777
50077777
50177777
50277777
50377777
50477777
50577777
50677777
50777777
50877777
50977777
51077777
51177777
51277777
51377777
51477777
51577777
51677777
51777777
51877777
51977777
52077777
52177777
52277777
52377777
52477777
52577777
52677777
52777777
52877777
52977777
53077777
53177777
53277777
53377777
53477777
53577777
53677777
53777777
53877777
53977777
54077777
54177777
54277777
54377777
54477777
54577777
54677777
54777777
54877777
54977777
55077777
55177777
55277777
55377777
55477777
55577777
55677777
55777777
55877777
55977777
56077777
56177777
56277777
56377777
56477777
56577777
56677777
56777777
56877777
56977777
57077777
57177777
57277777
57377777
57477777
57577777
57677777
57777777
57877777
57977777
58077777
58177777
58277777
58377777
58477777
58577777
58677777
58777777
58877777
58977777
59077777
59177777
59277777
59377777
59477777
59577777
59677777
59777777
59877777
59977777
60077777
60177777
60277777
60377777
60477777
60577777
60677777
60777777
60877777
60977777
61077777
61177777
61277777
61377777
61477777
61577777
61677777
61777777
61877777
61977777
62077777
62177777
62277777
62377777
62477777
62577777
62677777
62777777
62877777
62977777
63077777
63177777
63277777
63377777
63477777
63577777
63677777
63777777
63877777
63977777
64077777
64177777
64277777
64377777
64477777
64577777
64677777
64777777
64877777
64977777
65077777
65177777
65277777
65377777
65477777
65577777
65677777
65777777
65877777
65977777
66077777
66177777
66277777
66377777
66477777
66577777
66677777
66777777
66877777
66977777
67077777
67177777
67277777
67377777
67477777
67577777
67677777
67777777
67877777
67977777
68077777
68177777
68277777
68377777
68477777
68577777
68677777
68777777
68877777
68977777
69077777
69177777
69277777
69377777
69477777
69577777
69677777
69777777
69877777
69977777
70077777
70177777
70277777
70377777
70477777
70577777
70677777
70777777
70877777
70977777
71077777
71177777
71277777
71377777
71477777
71577777
71677777
71777777
71877777
71977777
72077777
72177777
72277777
72377777
72477777
72577777
72677777
72777777
72877777
72977777
73077777
73177777
73277777
73377777
73477777
73577777
73677777
73777777
73877777
73977777
74077777
74177777
74277777
74377777
74477777
74577777
74677777
74777777
74877777
74977777
75077777
75177777
75277777
75377777
75477777
75577777
75677777
75777777
75877777
75977777
76077777
76177777
76277777
76377777
76477777
76577777
76677777
76777777
76877777
76977777
77077777
77177777
77277777
77377777
77477777
77577777
77677777
77777777
77877777
77977777
78077777
78177777
78277777
78377777
78477777
78577777
78677777
78777777
78877777
78977777
79077777
79177777
79277777
79377777
79477777
79577777
79677777
79777777
79877777
79977777
80077777
80177777
80277777
80377777
80477777
80577777
80677777
80777777
80877777
80977777
81077777
81177777
81277777
81377777
81477777
81577777
81677777
81777777
81877777
81977777
82077777
82177777
82277777
82377777
82477777
82577777
82677777
82777777
82877777
82977777
83077777
83177777
83277777
83377777
83477777
83577777
83677777
83777777
83877777
83977777
84077777
84177777
84277777
84377777
84477777
84577777
84677777
84777777
84877777
84977777
85077777
85177777
85277777
85377777
85477777
85577777
85677777
85777777
85877777
85977777
86077777
86177777
86277777
86377777
86477777
86577777
86677777
86777777
86877777
86977777
87077777
87177777
87277777
87377777
87477777
87577777
87677777
87777777
87877777
87977777
88077777
88177777
88277777
88377777
88477777
88577777
88677777
88777777
88877777
88977777
89077777
89177777
89277777
89377777
89477777
89577777
89677777
89777777
89877777
89977777
90077777
90177777
90277777
90377777
90477777
90577777
90677777
90777777
90877777
90977777
91077777
91177777
91277777
91377777
91477777
91577777
91677777
91777777
91877777
91977777
92077777
92177777
92277777
92377777
92477777
92577777
92677777
92777777
92877777
92977777
93077777
93177777
93277777
93377777
93477777
93577777
93677777
93777777
93877777
93977777
94077777
94177777
94277777
94377777
94477777
94577777
94677777
94777777
94877777
94977777
95077777
95177777
95277777
95377777
95477777
95577777
95677777
95777777
95877777
95977777
96077777
96177777
96277777
96377777
96477777
96577777
96677777
96777777
96877777
96977777
97077777
97177777
97277777
97377777
97477777
97577777
97677777
97777777
97877777
97977777
98077777
98177777
98277777
98377777
98477777
98577777
98677777
98777777
98877777
98977777
99077777
99177777
99277777
99377777
99477777
99577777
99677777
99777777
99877777
99977777
00088888
00188888
00288888
00388888
00488888
00588888
00688888
00788888
00888888
00988888
01088888
01188888
01288888
01388888
01488888
01588888
01688888
01788888
01888888
01988888
02088888
02188888
02288888
02388888
02488888
02588888
02688888
02788888
02888888
02988888
03088888
03188888
03288888
03388888
03488888
03588888
03688888
03788888
03888888
03988888
04088888
04188888
04288888
04388888
04488888
04588888
04688888
04788888
04888888
04988888
05088888
05188888
05288888
05388888
05488888
05588888
05688888
05788888
05888888
05988888
06088888
06188888
06288888
06388888
06488888
06588888
06688888
06788888
06888888
06988888
07088888
07188888
07288888
07388888
07488888
07588888
07688888
07788888
07888888
07988888
08088888
08188888
08288888
08388888
08488888
08588888
08688888
08788888
08888888
08988888
09088888
09188888
09288888
09388888
09488888
09588888
09688888
09788888
09888888
09988888
10088888
10188888
10288888
10388888
10488888
10588888
10688888
10788888
10888888
10988888
11088888
11188888
11288888
11388888
11488888
11588888
11688888
11788888
11888888
11988888
12088888
12188888
12288888
12388888
12488888
12588888
12688888
12788888
12888888
12988888
13088888
13188888
13288888
13388888
13488888
13588888
13688888
13788888
13888888
13988888
14088888
14188888
14288888
14388888
14488888
14588888
14688888
14788888
14888888
14988888
15088888
15188888
15288888
15388888
15488888
15588888
15688888
15788888
15888888
15988888
16088888
16188888
16288888
16388888
16488888
16588888
16688888
16788888
16888888
16988888
17088888
17188888
17288888
17388888
17488888
17588888
17688888
17788888
17888888
17988888
18088888
18188888
18288888
18388888
18488888
18588888
18688888
18788888
18888888
18988888
19088888
19188888
19288888
19388888
19488888
19588888
19688888
19788888
19888888
19988888
20088888
20188888
20288888
20388888
20488888
20588888
20688888
20788888
20888888
20988888
21088888
21188888
21288888
21388888
21488888
21588888
21688888
21788888
21888888
21988888
22088888
22188888
22288888
22388888
22488888
22588888
22688888
22788888
22888888
22988888
23088888
23188888
23288888
23388888
23488888
23588888
23688888
23788888
23888888
23988888
24088888
24188888
24288888
24388888
24488888
24588888
24688888
24788888
24888888
24988888
25088888
25188888
25288888
25388888
25488888
25588888
25688888
25788888
25888888
25988888
26088888
26188888
26288888
26388888
26488888
26588888
26688888
26788888
26888888
26988888
27088888
27188888
27288888
27388888
27488888
27588888
27688888
27788888
27888888
27988888
28088888
28188888
28288888
28388888
28488888
28588888
28688888
28788888
28888888
28988888
29088888
29188888
29288888
29388888
29488888
29588888
29688888
29788888
29888888
29988888
30088888
30188888
30288888
30388888
30488888
30588888
30688888
30788888
30888888
30988888
31088888
31188888
31288888
31388888
31488888
31588888
31688888
31788888
31888888
31988888
32088888
32188888
32288888
32388888
32488888
32588888
32688888
32788888
32888888
32988888
33088888
33188888
33288888
33388888
33488888
33588888
33688888
33788888
33888888
33988888
34088888
34188888
34288888
34388888
34488888
34588888
34688888
34788888
34888888
34988888
35088888
35188888
35288888
35388888
35488888
35588888
35688888
35788888
35888888
35988888
36088888
36188888
36288888
36388888
36488888
36588888
36688888
36788888
36888888
36988888
37088888
37188888
37288888
37388888
37488888
37588888
37688888
37788888
37888888
37988888
38088888
38188888
38288888
38388888
38488888
38588888
38688888
38788888
38888888
38988888
39088888
39188888
39288888
39388888
39488888
39588888
39688888
39788888
39888888
39988888
40088888
40188888
40288888
40388888
40488888
40588888
40688888
40788888
40888888
40988888
41088888
41188888
41288888
41388888
41488888
41588888
41688888
41788888
41888888
41988888
42088888
42188888
42288888
42388888
42488888
42588888
42688888
42788888
42888888
42988888
43088888
43188888
43288888
43388888
43488888
43588888
43688888
43788888
43888888
43988888
44088888
44188888
44288888
44388888
44488888
44588888
44688888
44788888
44888888
44988888
45088888
45188888
45288888
45388888
45488888
45588888
45688888
45788888
45888888
45988888
46088888
46188888
46288888
46388888
46488888
46588888
46688888
46788888
46888888
46988888
47088888
47188888
47288888
47388888
47488888
47588888
47688888
47788888
47888888
47988888
48088888
48188888
48288888
48388888
48488888
48588888
48688888
48788888
48888888
48988888
49088888
49188888
49288888
49388888
49488888
49588888
49688888
49788888
49888888
49988888
50088888
50188888
50288888
50388888
50488888
50588888
50688888
50788888
50888888
50988888
51088888
51188888
51288888
51388888
51488888
51588888
51688888
51788888
51888888
51988888
52088888
52188888
52288888
52388888
52488888
52588888
52688888
52788888
52888888
52988888
53088888
53188888
53288888
53388888
53488888
53588888
53688888
53788888
53888888
53988888
54088888
54188888
54288888
54388888
54488888
54588888
54688888
54788888
54888888
54988888
55088888
55188888
55288888
55388888
55488888
55588888
55688888
55788888
55888888
55988888
56088888
56188888
56288888
56388888
56488888
56588888
56688888
56788888
56888888
56988888
57088888
57188888
57288888
57388888
57488888
57588888
57688888
57788888
57888888
57988888
58088888
58188888
58288888
58388888
58488888
58588888
58688888
58788888
58888888
58988888
59088888
59188888
59288888
59388888
59488888
59588888
59688888
59788888
59888888
59988888
60088888
60188888
60288888
60388888
60488888
60588888
60688888
60788888
60888888
60988888
61088888
61188888
61288888
61388888
61488888
61588888
61688888
61788888
61888888
61988888
62088888
62188888
62288888
62388888
62488888
62588888
62688888
62788888
62888888
62988888
63088888
63188888
63288888
63388888
63488888
63588888
63688888
63788888
63888888
63988888
64088888
64188888
64288888
64388888
64488888
64588888
64688888
64788888
64888888
64988888
65088888
65188888
65288888
65388888
65488888
65588888
65688888
65788888
65888888
65988888
66088888
66188888
66288888
66388888
66488888
66588888
66688888
66788888
66888888
66988888
67088888
67188888
67288888
67388888
67488888
67588888
67688888
67788888
67888888
67988888
68088888
68188888
68288888
68388888
68488888
68588888
68688888
68788888
68888888
68988888
69088888
69188888
69288888
69388888
69488888
69588888
69688888
69788888
69888888
69988888
70088888
70188888
70288888
70388888
70488888
70588888
70688888
70788888
70888888
70988888
71088888
71188888
71288888
71388888
71488888
71588888
71688888
71788888
71888888
71988888
72088888
72188888
72288888
72388888
72488888
72588888
72688888
72788888
72888888
72988888
73088888
73188888
73288888
73388888
73488888
73588888
73688888
73788888
73888888
73988888
74088888
74188888
74288888
74388888
74488888
74588888
74688888
74788888
74888888
74988888
75088888
75188888
75288888
75388888
75488888
75588888
75688888
75788888
75888888
75988888
76088888
76188888
76288888
76388888
76488888
76588888
76688888
76788888
76888888
76988888
77088888
77188888
77288888
77388888
77488888
77588888
77688888
77788888
77888888
77988888
78088888
78188888
78288888
78388888
78488888
78588888
78688888
78788888
78888888
78988888
79088888
79188888
79288888
79388888
79488888
79588888
79688888
79788888
79888888
79988888
80088888
80188888
80288888
80388888
80488888
80588888
80688888
80788888
80888888
80988888
81088888
81188888
81288888
81388888
81488888
81588888
81688888
81788888
81888888
81988888
82088888
82188888
82288888
82388888
82488888
82588888
82688888
82788888
82888888
82988888
83088888
83188888
83288888
83388888
83488888
83588888
83688888
83788888
83888888
83988888
84088888
84188888
84288888
84388888
84488888
84588888
84688888
84788888
84888888
84988888
85088888
85188888
85288888
85388888
85488888
85588888
85688888
85788888
85888888
85988888
86088888
86188888
86288888
86388888
86488888
86588888
86688888
86788888
86888888
86988888
87088888
87188888
87288888
87388888
87488888
87588888
87688888
87788888
87888888
87988888
88088888
88188888
88288888
88388888
88488888
88588888
88688888
88788888
88888888
88988888
89088888
89188888
89288888
89388888
89488888
89588888
89688888
89788888
89888888
89988888
90088888
90188888
90288888
90388888
90488888
90588888
90688888
90788888
90888888
90988888
91088888
91188888
91288888
91388888
91488888
91588888
91688888
91788888
91888888
91988888
92088888
92188888
92288888
92388888
92488888
92588888
92688888
92788888
92888888
92988888
93088888
93188888
93288888
93388888
93488888
93588888
93688888
93788888
93888888
93988888
94088888
94188888
94288888
94388888
94488888
94588888
94688888
94788888
94888888
94988888
95088888
95188888
95288888
95388888
95488888
95588888
95688888
95788888
95888888
95988888
96088888
96188888
96288888
96388888
96488888
96588888
96688888
96788888
96888888
96988888
97088888
97188888
97288888
97388888
97488888
97588888
97688888
97788888
97888888
97988888
98088888
98188888
98288888
98388888
98488888
98588888
98688888
98788888
98888888
98988888
99088888
99188888
99288888
99388888
99488888
99588888
99688888
99788888
99888888
99988888
00099999
00199999
00299999
00399999
00499999
00599999
00699999
00799999
00899999
00999999
01099999
01199999
01299999
01399999
01499999
01599999
01699999
01799999
01899999
01999999
02099999
02199999
02299999
02399999
02499999
02599999
02699999
02799999
02899999
02999999
03099999
03199999
03299999
03399999
03499999
03599999
03699999
03799999
03899999
03999999
04099999
04199999
04299999
04399999
04499999
04599999
04699999
04799999
04899999
04999999
05099999
05199999
05299999
05399999
05499999
05599999
05699999
05799999
05899999
05999999
06099999
06199999
06299999
06399999
06499999
06599999
06699999
06799999
06899999
06999999
07099999
07199999
07299999
07399999
07499999
07599999
07699999
07799999
07899999
07999999
08099999
08199999
08299999
08399999
08499999
08599999
08699999
08799999
08899999
08999999
09099999
09199999
09299999
09399999
09499999
09599999
09699999
09799999
09899999
09999999
10099999
10199999
10299999
10399999
10499999
10599999
10699999
10799999
10899999
10999999
11099999
11199999
11299999
11399999
11499999
11599999
11699999
11799999
11899999
11999999
12099999
12199999
12299999
12399999
12499999
12599999
12699999
12799999
12899999
12999999
13099999
13199999
13299999
13399999
13499999
13599999
13699999
13799999
13899999
13999999
14099999
14199999
14299999
14399999
14499999
14599999
14699999
14799999
14899999
14999999
15099999
15199999
15299999
15399999
15499999
15599999
15699999
15799999
15899999
15999999
16099999
16199999
16299999
16399999
16499999
16599999
16699999
16799999
16899999
16999999
17099999
17199999
17299999
17399999
17499999
17599999
17699999
17799999
17899999
17999999
18099999
18199999
18299999
18399999
18499999
18599999
18699999
18799999
18899999
18999999
19099999
19199999
19299999
19399999
19499999
19599999
19699999
19799999
19899999
19999999
20099999
20199999
20299999
20399999
20499999
20599999
20699999
20799999
20899999
20999999
21099999
21199999
21299999
21399999
21499999
21599999
21699999
21799999
21899999
21999999
22099999
22199999
22299999
22399999
22499999
22599999
22699999
22799999
22899999
22999999
23099999
23199999
23299999
23399999
23499999
23599999
23699999
23799999
23899999
23999999
24099999
24199999
24299999
24399999
24499999
24599999
24699999
24799999
24899999
24999999
25099999
25199999
25299999
25399999
25499999
25599999
25699999
25799999
25899999
25999999
26099999
26199999
26299999
26399999
26499999
26599999
26699999
26799999
26899999
26999999
27099999
27199999
27299999
27399999
27499999
27599999
27699999
27799999
27899999
27999999
28099999
28199999
28299999
28399999
28499999
28599999
28699999
28799999
28899999
28999999
29099999
29199999
29299999
29399999
29499999
29599999
29699999
29799999
29899999
29999999
30099999
30199999
30299999
30399999
30499999
30599999
30699999
30799999
30899999
30999999
31099999
31199999
31299999
31399999
31499999
31599999
31699999
31799999
31899999
31999999
32099999
32199999
32299999
32399999
32499999
32599999
32699999
32799999
32899999
32999999
33099999
33199999
33299999
33399999
33499999
33599999
33699999
33799999
33899999
33999999
34099999
34199999
34299999
34399999
34499999
34599999
34699999
34799999
34899999
34999999
35099999
35199999
35299999
35399999
35499999
35599999
35699999
35799999
35899999
35999999
36099999
36199999
36299999
36399999
36499999
36599999
36699999
36799999
36899999
36999999
37099999
37199999
37299999
37399999
37499999
37599999
37699999
37799999
37899999
37999999
38099999
38199999
38299999
38399999
38499999
38599999
38699999
38799999
38899999
38999999
39099999
39199999
39299999
39399999
39499999
39599999
39699999
39799999
39899999
39999999
40099999
40199999
40299999
40399999
40499999
40599999
40699999
40799999
40899999
40999999
41099999
41199999
41299999
41399999
41499999
41599999
41699999
41799999
41899999
41999999
42099999
42199999
42299999
42399999
42499999
42599999
42699999
42799999
42899999
42999999
43099999
43199999
43299999
43399999
43499999
43599999
43699999
43799999
43899999
43999999
44099999
44199999
44299999
44399999
44499999
44599999
44699999
44799999
44899999
44999999
45099999
45199999
45299999
45399999
45499999
45599999
45699999
45799999
45899999
45999999
46099999
46199999
46299999
46399999
46499999
46599999
46699999
46799999
46899999
46999999
47099999
47199999
47299999
47399999
47499999
47599999
47699999
47799999
47899999
47999999
48099999
48199999
48299999
48399999
48499999
48599999
48699999
48799999
48899999
48999999
49099999
49199999
49299999
49399999
49499999
49599999
49699999
49799999
49899999
49999999
50099999
50199999
50299999
50399999
50499999
50599999
50699999
50799999
50899999
50999999
51099999
51199999
51299999
51399999
51499999
51599999
51699999
51799999
51899999
51999999
52099999
52199999
52299999
52399999
52499999
52599999
52699999
52799999
52899999
52999999
53099999
53199999
53299999
53399999
53499999
53599999
53699999
53799999
53899999
53999999
54099999
54199999
54299999
54399999
54499999
54599999
54699999
54799999
54899999
54999999
55099999
55199999
55299999
55399999
55499999
55599999
55699999
55799999
55899999
55999999
56099999
56199999
56299999
56399999
56499999
56599999
56699999
56799999
56899999
56999999
57099999
57199999
57299999
57399999
57499999
57599999
57699999
57799999
57899999
57999999
58099999
58199999
58299999
58399999
58499999
58599999
58699999
58799999
58899999
58999999
59099999
59199999
59299999
59399999
59499999
59599999
59699999
59799999
59899999
59999999
60099999
60199999
60299999
60399999
60499999
60599999
60699999
60799999
60899999
60999999
61099999
61199999
61299999
61399999
61499999
61599999
61699999
61799999
61899999
61999999
62099999
62199999
62299999
62399999
62499999
62599999
62699999
62799999
62899999
62999999
63099999
63199999
63299999
63399999
63499999
63599999
63699999
63799999
63899999
63999999
64099999
64199999
64299999
64399999
64499999
64599999
64699999
64799999
64899999
64999999
65099999
65199999
65299999
65399999
65499999
65599999
65699999
65799999
65899999
65999999
66099999
66199999
66299999
66399999
66499999
66599999
66699999
66799999
66899999
66999999
67099999
67199999
67299999
67399999
67499999
67599999
67699999
67799999
67899999
67999999
68099999
68199999
68299999
68399999
68499999
68599999
68699999
68799999
68899999
68999999
69099999
69199999
69299999
69399999
69499999
69599999
69699999
69799999
69899999
69999999
70099999
70199999
70299999
70399999
70499999
70599999
70699999
70799999
70899999
70999999
71099999
71199999
71299999
71399999
71499999
71599999
71699999
71799999
71899999
71999999
72099999
72199999
72299999
72399999
72499999
72599999
72699999
72799999
72899999
72999999
73099999
73199999
73299999
73399999
73499999
73599999
73699999
73799999
73899999
73999999
74099999
74199999
74299999
74399999
74499999
74599999
74699999
74799999
74899999
74999999
75099999
75199999
75299999
75399999
75499999
75599999
75699999
75799999
75899999
75999999
76099999
76199999
76299999
76399999
76499999
76599999
76699999
76799999
76899999
76999999
77099999
77199999
77299999
77399999
77499999
77599999
77699999
77799999
77899999
77999999
78099999
78199999
78299999
78399999
78499999
78599999
78699999
78799999
78899999
78999999
79099999
79199999
79299999
79399999
79499999
79599999
79699999
79799999
79899999
79999999
80099999
80199999
80299999
80399999
80499999
80599999
80699999
80799999
80899999
80999999
81099999
81199999
81299999
81399999
81499999
81599999
81699999
81799999
81899999
81999999
82099999
82199999
82299999
82399999
82499999
82599999
82699999
82799999
82899999
82999999
83099999
83199999
83299999
83399999
83499999
83599999
83699999
83799999
83899999
83999999
84099999
84199999
84299999
84399999
84499999
84599999
84699999
84799999
84899999
84999999
85099999
85199999
85299999
85399999
85499999
85599999
85699999
85799999
85899999
85999999
86099999
86199999
86299999
86399999
86499999
86599999
86699999
86799999
86899999
86999999
87099999
87199999
87299999
87399999
87499999
87599999
87699999
87799999
87899999
87999999
88099999
88199999
88299999
88399999
88499999
88599999
88699999
88799999
88899999
88999999
89099999
89199999
89299999
89399999
89499999
89599999
89699999
89799999
89899999
89999999
90099999
90199999
90299999
90399999
90499999
90599999
90699999
90799999
90899999
90999999
91099999
91199999
91299999
91399999
91499999
91599999
91699999
91799999
91899999
91999999
92099999
92199999
92299999
92399999
92499999
92599999
92699999
92799999
92899999
92999999
93099999
93199999
93299999
93399999
93499999
93599999
93699999
93799999
93899999
93999999
94099999
94199999
94299999
94399999
94499999
94599999
94699999
94799999
94899999
94999999
95099999
95199999
95299999
95399999
95499999
95599999
95699999
95799999
95899999
95999999
96099999
96199999
96299999
96399999
96499999
96599999
96699999
96799999
96899999
96999999
97099999
97199999
97299999
97399999
97499999
97599999
97699999
97799999
97899999
97999999
98099999
98199999
98299999
98399999
98499999
98599999
98699999
98799999
98899999
98999999
99099999
99199999
99299999
99399999
99499999
99599999
99699999
99799999
99899999
99999999


