00000000
00000100
00000200
00000300
00000400
00000500
00000600
00000700
00000800
00000900
00100000
00100100
00100200
00100300
00100400
00100500
00100600
00100700
00100800
00100900
00200000
00200100
00200200
00200300
00200400
00200500
00200600
00200700
00200800
00200900
00300000
00300100
00300200
00300300
00300400
00300500
00300600
00300700
00300800
00300900
00400000
00400100
00400200
00400300
00400400
00400500
00400600
00400700
00400800
00400900
00500000
00500100
00500200
00500300
00500400
00500500
00500600
00500700
00500800
00500900
00600000
00600100
00600200
00600300
00600400
00600500
00600600
00600700
00600800
00600900
00700000
00700100
00700200
00700300
00700400
00700500
00700600
00700700
00700800
00700900
00800000
00800100
00800200
00800300
00800400
00800500
00800600
00800700
00800800
00800900
00900000
00900100
00900200
00900300
00900400
00900500
00900600
00900700
00900800
00900900
01000000
01000100
01000200
01000300
01000400
01000500
01000600
01000700
01000800
01000900
01100000
01100100
01100200
01100300
01100400
01100500
01100600
01100700
01100800
01100900
01200000
01200100
01200200
01200300
01200400
01200500
01200600
01200700
01200800
01200900
01300000
01300100
01300200
01300300
01300400
01300500
01300600
01300700
01300800
01300900
01400000
01400100
01400200
01400300
01400400
01400500
01400600
01400700
01400800
01400900
01500000
01500100
01500200
01500300
01500400
01500500
01500600
01500700
01500800
01500900
01600000
01600100
01600200
01600300
01600400
01600500
01600600
01600700
01600800
01600900
01700000
01700100
01700200
01700300
01700400
01700500
01700600
01700700
01700800
01700900
01800000
01800100
01800200
01800300
01800400
01800500
01800600
01800700
01800800
01800900
01900000
01900100
01900200
01900300
01900400
01900500
01900600
01900700
01900800
01900900
02000000
02000100
02000200
02000300
02000400
02000500
02000600
02000700
02000800
02000900
02100000
02100100
02100200
02100300
02100400
02100500
02100600
02100700
02100800
02100900
02200000
02200100
02200200
02200300
02200400
02200500
02200600
02200700
02200800
02200900
02300000
02300100
02300200
02300300
02300400
02300500
02300600
02300700
02300800
02300900
02400000
02400100
02400200
02400300
02400400
02400500
02400600
02400700
02400800
02400900
02500000
02500100
02500200
02500300
02500400
02500500
02500600
02500700
02500800
02500900
02600000
02600100
02600200
02600300
02600400
02600500
02600600
02600700
02600800
02600900
02700000
02700100
02700200
02700300
02700400
02700500
02700600
02700700
02700800
02700900
02800000
02800100
02800200
02800300
02800400
02800500
02800600
02800700
02800800
02800900
02900000
02900100
02900200
02900300
02900400
02900500
02900600
02900700
02900800
02900900
03000000
03000100
03000200
03000300
03000400
03000500
03000600
03000700
03000800
03000900
03100000
03100100
03100200
03100300
03100400
03100500
03100600
03100700
03100800
03100900
03200000
03200100
03200200
03200300
03200400
03200500
03200600
03200700
03200800
03200900
03300000
03300100
03300200
03300300
03300400
03300500
03300600
03300700
03300800
03300900
03400000
03400100
03400200
03400300
03400400
03400500
03400600
03400700
03400800
03400900
03500000
03500100
03500200
03500300
03500400
03500500
03500600
03500700
03500800
03500900
03600000
03600100
03600200
03600300
03600400
03600500
03600600
03600700
03600800
03600900
03700000
03700100
03700200
03700300
03700400
03700500
03700600
03700700
03700800
03700900
03800000
03800100
03800200
03800300
03800400
03800500
03800600
03800700
03800800
03800900
03900000
03900100
03900200
03900300
03900400
03900500
03900600
03900700
03900800
03900900
04000000
04000100
04000200
04000300
04000400
04000500
04000600
04000700
04000800
04000900
04100000
04100100
04100200
04100300
04100400
04100500
04100600
04100700
04100800
04100900
04200000
04200100
04200200
04200300
04200400
04200500
04200600
04200700
04200800
04200900
04300000
04300100
04300200
04300300
04300400
04300500
04300600
04300700
04300800
04300900
04400000
04400100
04400200
04400300
04400400
04400500
04400600
04400700
04400800
04400900
04500000
04500100
04500200
04500300
04500400
04500500
04500600
04500700
04500800
04500900
04600000
04600100
04600200
04600300
04600400
04600500
04600600
04600700
04600800
04600900
04700000
04700100
04700200
04700300
04700400
04700500
04700600
04700700
04700800
04700900
04800000
04800100
04800200
04800300
04800400
04800500
04800600
04800700
04800800
04800900
04900000
04900100
04900200
04900300
04900400
04900500
04900600
04900700
04900800
04900900
05000000
05000100
05000200
05000300
05000400
05000500
05000600
05000700
05000800
05000900
05100000
05100100
05100200
05100300
05100400
05100500
05100600
05100700
05100800
05100900
05200000
05200100
05200200
05200300
05200400
05200500
05200600
05200700
05200800
05200900
05300000
05300100
05300200
05300300
05300400
05300500
05300600
05300700
05300800
05300900
05400000
05400100
05400200
05400300
05400400
05400500
05400600
05400700
05400800
05400900
05500000
05500100
05500200
05500300
05500400
05500500
05500600
05500700
05500800
05500900
05600000
05600100
05600200
05600300
05600400
05600500
05600600
05600700
05600800
05600900
05700000
05700100
05700200
05700300
05700400
05700500
05700600
05700700
05700800
05700900
05800000
05800100
05800200
05800300
05800400
05800500
05800600
05800700
05800800
05800900
05900000
05900100
05900200
05900300
05900400
05900500
05900600
05900700
05900800
05900900
06000000
06000100
06000200
06000300
06000400
06000500
06000600
06000700
06000800
06000900
06100000
06100100
06100200
06100300
06100400
06100500
06100600
06100700
06100800
06100900
06200000
06200100
06200200
06200300
06200400
06200500
06200600
06200700
06200800
06200900
06300000
06300100
06300200
06300300
06300400
06300500
06300600
06300700
06300800
06300900
06400000
06400100
06400200
06400300
06400400
06400500
06400600
06400700
06400800
06400900
06500000
06500100
06500200
06500300
06500400
06500500
06500600
06500700
06500800
06500900
06600000
06600100
06600200
06600300
06600400
06600500
06600600
06600700
06600800
06600900
06700000
06700100
06700200
06700300
06700400
06700500
06700600
06700700
06700800
06700900
06800000
06800100
06800200
06800300
06800400
06800500
06800600
06800700
06800800
06800900
06900000
06900100
06900200
06900300
06900400
06900500
06900600
06900700
06900800
06900900
07000000
07000100
07000200
07000300
07000400
07000500
07000600
07000700
07000800
07000900
07100000
07100100
07100200
07100300
07100400
07100500
07100600
07100700
07100800
07100900
07200000
07200100
07200200
07200300
07200400
07200500
07200600
07200700
07200800
07200900
07300000
07300100
07300200
07300300
07300400
07300500
07300600
07300700
07300800
07300900
07400000
07400100
07400200
07400300
07400400
07400500
07400600
07400700
07400800
07400900
07500000
07500100
07500200
07500300
07500400
07500500
07500600
07500700
07500800
07500900
07600000
07600100
07600200
07600300
07600400
07600500
07600600
07600700
07600800
07600900
07700000
07700100
07700200
07700300
07700400
07700500
07700600
07700700
07700800
07700900
07800000
07800100
07800200
07800300
07800400
07800500
07800600
07800700
07800800
07800900
07900000
07900100
07900200
07900300
07900400
07900500
07900600
07900700
07900800
07900900
08000000
08000100
08000200
08000300
08000400
08000500
08000600
08000700
08000800
08000900
08100000
08100100
08100200
08100300
08100400
08100500
08100600
08100700
08100800
08100900
08200000
08200100
08200200
08200300
08200400
08200500
08200600
08200700
08200800
08200900
08300000
08300100
08300200
08300300
08300400
08300500
08300600
08300700
08300800
08300900
08400000
08400100
08400200
08400300
08400400
08400500
08400600
08400700
08400800
08400900
08500000
08500100
08500200
08500300
08500400
08500500
08500600
08500700
08500800
08500900
08600000
08600100
08600200
08600300
08600400
08600500
08600600
08600700
08600800
08600900
08700000
08700100
08700200
08700300
08700400
08700500
08700600
08700700
08700800
08700900
08800000
08800100
08800200
08800300
08800400
08800500
08800600
08800700
08800800
08800900
08900000
08900100
08900200
08900300
08900400
08900500
08900600
08900700
08900800
08900900
09000000
09000100
09000200
09000300
09000400
09000500
09000600
09000700
09000800
09000900
09100000
09100100
09100200
09100300
09100400
09100500
09100600
09100700
09100800
09100900
09200000
09200100
09200200
09200300
09200400
09200500
09200600
09200700
09200800
09200900
09300000
09300100
09300200
09300300
09300400
09300500
09300600
09300700
09300800
09300900
09400000
09400100
09400200
09400300
09400400
09400500
09400600
09400700
09400800
09400900
09500000
09500100
09500200
09500300
09500400
09500500
09500600
09500700
09500800
09500900
09600000
09600100
09600200
09600300
09600400
09600500
09600600
09600700
09600800
09600900
09700000
09700100
09700200
09700300
09700400
09700500
09700600
09700700
09700800
09700900
09800000
09800100
09800200
09800300
09800400
09800500
09800600
09800700
09800800
09800900
09900000
09900100
09900200
09900300
09900400
09900500
09900600
09900700
09900800
09900900
10000000
10000100
10000200
10000300
10000400
10000500
10000600
10000700
10000800
10000900
10100000
10100100
10100200
10100300
10100400
10100500
10100600
10100700
10100800
10100900
10200000
10200100
10200200
10200300
10200400
10200500
10200600
10200700
10200800
10200900
10300000
10300100
10300200
10300300
10300400
10300500
10300600
10300700
10300800
10300900
10400000
10400100
10400200
10400300
10400400
10400500
10400600
10400700
10400800
10400900
10500000
10500100
10500200
10500300
10500400
10500500
10500600
10500700
10500800
10500900
10600000
10600100
10600200
10600300
10600400
10600500
10600600
10600700
10600800
10600900
10700000
10700100
10700200
10700300
10700400
10700500
10700600
10700700
10700800
10700900
10800000
10800100
10800200
10800300
10800400
10800500
10800600
10800700
10800800
10800900
10900000
10900100
10900200
10900300
10900400
10900500
10900600
10900700
10900800
10900900
11000000
11000100
11000200
11000300
11000400
11000500
11000600
11000700
11000800
11000900
11100000
11100100
11100200
11100300
11100400
11100500
11100600
11100700
11100800
11100900
11200000
11200100
11200200
11200300
11200400
11200500
11200600
11200700
11200800
11200900
11300000
11300100
11300200
11300300
11300400
11300500
11300600
11300700
11300800
11300900
11400000
11400100
11400200
11400300
11400400
11400500
11400600
11400700
11400800
11400900
11500000
11500100
11500200
11500300
11500400
11500500
11500600
11500700
11500800
11500900
11600000
11600100
11600200
11600300
11600400
11600500
11600600
11600700
11600800
11600900
11700000
11700100
11700200
11700300
11700400
11700500
11700600
11700700
11700800
11700900
11800000
11800100
11800200
11800300
11800400
11800500
11800600
11800700
11800800
11800900
11900000
11900100
11900200
11900300
11900400
11900500
11900600
11900700
11900800
11900900
12000000
12000100
12000200
12000300
12000400
12000500
12000600
12000700
12000800
12000900
12100000
12100100
12100200
12100300
12100400
12100500
12100600
12100700
12100800
12100900
12200000
12200100
12200200
12200300
12200400
12200500
12200600
12200700
12200800
12200900
12300000
12300100
12300200
12300300
12300400
12300500
12300600
12300700
12300800
12300900
12400000
12400100
12400200
12400300
12400400
12400500
12400600
12400700
12400800
12400900
12500000
12500100
12500200
12500300
12500400
12500500
12500600
12500700
12500800
12500900
12600000
12600100
12600200
12600300
12600400
12600500
12600600
12600700
12600800
12600900
12700000
12700100
12700200
12700300
12700400
12700500
12700600
12700700
12700800
12700900
12800000
12800100
12800200
12800300
12800400
12800500
12800600
12800700
12800800
12800900
12900000
12900100
12900200
12900300
12900400
12900500
12900600
12900700
12900800
12900900
13000000
13000100
13000200
13000300
13000400
13000500
13000600
13000700
13000800
13000900
13100000
13100100
13100200
13100300
13100400
13100500
13100600
13100700
13100800
13100900
13200000
13200100
13200200
13200300
13200400
13200500
13200600
13200700
13200800
13200900
13300000
13300100
13300200
13300300
13300400
13300500
13300600
13300700
13300800
13300900
13400000
13400100
13400200
13400300
13400400
13400500
13400600
13400700
13400800
13400900
13500000
13500100
13500200
13500300
13500400
13500500
13500600
13500700
13500800
13500900
13600000
13600100
13600200
13600300
13600400
13600500
13600600
13600700
13600800
13600900
13700000
13700100
13700200
13700300
13700400
13700500
13700600
13700700
13700800
13700900
13800000
13800100
13800200
13800300
13800400
13800500
13800600
13800700
13800800
13800900
13900000
13900100
13900200
13900300
13900400
13900500
13900600
13900700
13900800
13900900
14000000
14000100
14000200
14000300
14000400
14000500
14000600
14000700
14000800
14000900
14100000
14100100
14100200
14100300
14100400
14100500
14100600
14100700
14100800
14100900
14200000
14200100
14200200
14200300
14200400
14200500
14200600
14200700
14200800
14200900
14300000
14300100
14300200
14300300
14300400
14300500
14300600
14300700
14300800
14300900
14400000
14400100
14400200
14400300
14400400
14400500
14400600
14400700
14400800
14400900
14500000
14500100
14500200
14500300
14500400
14500500
14500600
14500700
14500800
14500900
14600000
14600100
14600200
14600300
14600400
14600500
14600600
14600700
14600800
14600900
14700000
14700100
14700200
14700300
14700400
14700500
14700600
14700700
14700800
14700900
14800000
14800100
14800200
14800300
14800400
14800500
14800600
14800700
14800800
14800900
14900000
14900100
14900200
14900300
14900400
14900500
14900600
14900700
14900800
14900900
15000000
15000100
15000200
15000300
15000400
15000500
15000600
15000700
15000800
15000900
15100000
15100100
15100200
15100300
15100400
15100500
15100600
15100700
15100800
15100900
15200000
15200100
15200200
15200300
15200400
15200500
15200600
15200700
15200800
15200900
15300000
15300100
15300200
15300300
15300400
15300500
15300600
15300700
15300800
15300900
15400000
15400100
15400200
15400300
15400400
15400500
15400600
15400700
15400800
15400900
15500000
15500100
15500200
15500300
15500400
15500500
15500600
15500700
15500800
15500900
15600000
15600100
15600200
15600300
15600400
15600500
15600600
15600700
15600800
15600900
15700000
15700100
15700200
15700300
15700400
15700500
15700600
15700700
15700800
15700900
15800000
15800100
15800200
15800300
15800400
15800500
15800600
15800700
15800800
15800900
15900000
15900100
15900200
15900300
15900400
15900500
15900600
15900700
15900800
15900900
16000000
16000100
16000200
16000300
16000400
16000500
16000600
16000700
16000800
16000900
16100000
16100100
16100200
16100300
16100400
16100500
16100600
16100700
16100800
16100900
16200000
16200100
16200200
16200300
16200400
16200500
16200600
16200700
16200800
16200900
16300000
16300100
16300200
16300300
16300400
16300500
16300600
16300700
16300800
16300900
16400000
16400100
16400200
16400300
16400400
16400500
16400600
16400700
16400800
16400900
16500000
16500100
16500200
16500300
16500400
16500500
16500600
16500700
16500800
16500900
16600000
16600100
16600200
16600300
16600400
16600500
16600600
16600700
16600800
16600900
16700000
16700100
16700200
16700300
16700400
16700500
16700600
16700700
16700800
16700900
16800000
16800100
16800200
16800300
16800400
16800500
16800600
16800700
16800800
16800900
16900000
16900100
16900200
16900300
16900400
16900500
16900600
16900700
16900800
16900900
17000000
17000100
17000200
17000300
17000400
17000500
17000600
17000700
17000800
17000900
17100000
17100100
17100200
17100300
17100400
17100500
17100600
17100700
17100800
17100900
17200000
17200100
17200200
17200300
17200400
17200500
17200600
17200700
17200800
17200900
17300000
17300100
17300200
17300300
17300400
17300500
17300600
17300700
17300800
17300900
17400000
17400100
17400200
17400300
17400400
17400500
17400600
17400700
17400800
17400900
17500000
17500100
17500200
17500300
17500400
17500500
17500600
17500700
17500800
17500900
17600000
17600100
17600200
17600300
17600400
17600500
17600600
17600700
17600800
17600900
17700000
17700100
17700200
17700300
17700400
17700500
17700600
17700700
17700800
17700900
17800000
17800100
17800200
17800300
17800400
17800500
17800600
17800700
17800800
17800900
17900000
17900100
17900200
17900300
17900400
17900500
17900600
17900700
17900800
17900900
18000000
18000100
18000200
18000300
18000400
18000500
18000600
18000700
18000800
18000900
18100000
18100100
18100200
18100300
18100400
18100500
18100600
18100700
18100800
18100900
18200000
18200100
18200200
18200300
18200400
18200500
18200600
18200700
18200800
18200900
18300000
18300100
18300200
18300300
18300400
18300500
18300600
18300700
18300800
18300900
18400000
18400100
18400200
18400300
18400400
18400500
18400600
18400700
18400800
18400900
18500000
18500100
18500200
18500300
18500400
18500500
18500600
18500700
18500800
18500900
18600000
18600100
18600200
18600300
18600400
18600500
18600600
18600700
18600800
18600900
18700000
18700100
18700200
18700300
18700400
18700500
18700600
18700700
18700800
18700900
18800000
18800100
18800200
18800300
18800400
18800500
18800600
18800700
18800800
18800900
18900000
18900100
18900200
18900300
18900400
18900500
18900600
18900700
18900800
18900900
19000000
19000100
19000200
19000300
19000400
19000500
19000600
19000700
19000800
19000900
19100000
19100100
19100200
19100300
19100400
19100500
19100600
19100700
19100800
19100900
19200000
19200100
19200200
19200300
19200400
19200500
19200600
19200700
19200800
19200900
19300000
19300100
19300200
19300300
19300400
19300500
19300600
19300700
19300800
19300900
19400000
19400100
19400200
19400300
19400400
19400500
19400600
19400700
19400800
19400900
19500000
19500100
19500200
19500300
19500400
19500500
19500600
19500700
19500800
19500900
19600000
19600100
19600200
19600300
19600400
19600500
19600600
19600700
19600800
19600900
19700000
19700100
19700200
19700300
19700400
19700500
19700600
19700700
19700800
19700900
19800000
19800100
19800200
19800300
19800400
19800500
19800600
19800700
19800800
19800900
19900000
19900100
19900200
19900300
19900400
19900500
19900600
19900700
19900800
19900900
20000000
20000100
20000200
20000300
20000400
20000500
20000600
20000700
20000800
20000900
20100000
20100100
20100200
20100300
20100400
20100500
20100600
20100700
20100800
20100900
20200000
20200100
20200200
20200300
20200400
20200500
20200600
20200700
20200800
20200900
20300000
20300100
20300200
20300300
20300400
20300500
20300600
20300700
20300800
20300900
20400000
20400100
20400200
20400300
20400400
20400500
20400600
20400700
20400800
20400900
20500000
20500100
20500200
20500300
20500400
20500500
20500600
20500700
20500800
20500900
20600000
20600100
20600200
20600300
20600400
20600500
20600600
20600700
20600800
20600900
20700000
20700100
20700200
20700300
20700400
20700500
20700600
20700700
20700800
20700900
20800000
20800100
20800200
20800300
20800400
20800500
20800600
20800700
20800800
20800900
20900000
20900100
20900200
20900300
20900400
20900500
20900600
20900700
20900800
20900900
21000000
21000100
21000200
21000300
21000400
21000500
21000600
21000700
21000800
21000900
21100000
21100100
21100200
21100300
21100400
21100500
21100600
21100700
21100800
21100900
21200000
21200100
21200200
21200300
21200400
21200500
21200600
21200700
21200800
21200900
21300000
21300100
21300200
21300300
21300400
21300500
21300600
21300700
21300800
21300900
21400000
21400100
21400200
21400300
21400400
21400500
21400600
21400700
21400800
21400900
21500000
21500100
21500200
21500300
21500400
21500500
21500600
21500700
21500800
21500900
21600000
21600100
21600200
21600300
21600400
21600500
21600600
21600700
21600800
21600900
21700000
21700100
21700200
21700300
21700400
21700500
21700600
21700700
21700800
21700900
21800000
21800100
21800200
21800300
21800400
21800500
21800600
21800700
21800800
21800900
21900000
21900100
21900200
21900300
21900400
21900500
21900600
21900700
21900800
21900900
22000000
22000100
22000200
22000300
22000400
22000500
22000600
22000700
22000800
22000900
22100000
22100100
22100200
22100300
22100400
22100500
22100600
22100700
22100800
22100900
22200000
22200100
22200200
22200300
22200400
22200500
22200600
22200700
22200800
22200900
22300000
22300100
22300200
22300300
22300400
22300500
22300600
22300700
22300800
22300900
22400000
22400100
22400200
22400300
22400400
22400500
22400600
22400700
22400800
22400900
22500000
22500100
22500200
22500300
22500400
22500500
22500600
22500700
22500800
22500900
22600000
22600100
22600200
22600300
22600400
22600500
22600600
22600700
22600800
22600900
22700000
22700100
22700200
22700300
22700400
22700500
22700600
22700700
22700800
22700900
22800000
22800100
22800200
22800300
22800400
22800500
22800600
22800700
22800800
22800900
22900000
22900100
22900200
22900300
22900400
22900500
22900600
22900700
22900800
22900900
23000000
23000100
23000200
23000300
23000400
23000500
23000600
23000700
23000800
23000900
23100000
23100100
23100200
23100300
23100400
23100500
23100600
23100700
23100800
23100900
23200000
23200100
23200200
23200300
23200400
23200500
23200600
23200700
23200800
23200900
23300000
23300100
23300200
23300300
23300400
23300500
23300600
23300700
23300800
23300900
23400000
23400100
23400200
23400300
23400400
23400500
23400600
23400700
23400800
23400900
23500000
23500100
23500200
23500300
23500400
23500500
23500600
23500700
23500800
23500900
23600000
23600100
23600200
23600300
23600400
23600500
23600600
23600700
23600800
23600900
23700000
23700100
23700200
23700300
23700400
23700500
23700600
23700700
23700800
23700900
23800000
23800100
23800200
23800300
23800400
23800500
23800600
23800700
23800800
23800900
23900000
23900100
23900200
23900300
23900400
23900500
23900600
23900700
23900800
23900900
24000000
24000100
24000200
24000300
24000400
24000500
24000600
24000700
24000800
24000900
24100000
24100100
24100200
24100300
24100400
24100500
24100600
24100700
24100800
24100900
24200000
24200100
24200200
24200300
24200400
24200500
24200600
24200700
24200800
24200900
24300000
24300100
24300200
24300300
24300400
24300500
24300600
24300700
24300800
24300900
24400000
24400100
24400200
24400300
24400400
24400500
24400600
24400700
24400800
24400900
24500000
24500100
24500200
24500300
24500400
24500500
24500600
24500700
24500800
24500900
24600000
24600100
24600200
24600300
24600400
24600500
24600600
24600700
24600800
24600900
24700000
24700100
24700200
24700300
24700400
24700500
24700600
24700700
24700800
24700900
24800000
24800100
24800200
24800300
24800400
24800500
24800600
24800700
24800800
24800900
24900000
24900100
24900200
24900300
24900400
24900500
24900600
24900700
24900800
24900900
25000000
25000100
25000200
25000300
25000400
25000500
25000600
25000700
25000800
25000900
25100000
25100100
25100200
25100300
25100400
25100500
25100600
25100700
25100800
25100900
25200000
25200100
25200200
25200300
25200400
25200500
25200600
25200700
25200800
25200900
25300000
25300100
25300200
25300300
25300400
25300500
25300600
25300700
25300800
25300900
25400000
25400100
25400200
25400300
25400400
25400500
25400600
25400700
25400800
25400900
25500000
25500100
25500200
25500300
25500400
25500500
25500600
25500700
25500800
25500900
25600000
25600100
25600200
25600300
25600400
25600500
25600600
25600700
25600800
25600900
25700000
25700100
25700200
25700300
25700400
25700500
25700600
25700700
25700800
25700900
25800000
25800100
25800200
25800300
25800400
25800500
25800600
25800700
25800800
25800900
25900000
25900100
25900200
25900300
25900400
25900500
25900600
25900700
25900800
25900900
26000000
26000100
26000200
26000300
26000400
26000500
26000600
26000700
26000800
26000900
26100000
26100100
26100200
26100300
26100400
26100500
26100600
26100700
26100800
26100900
26200000
26200100
26200200
26200300
26200400
26200500
26200600
26200700
26200800
26200900
26300000
26300100
26300200
26300300
26300400
26300500
26300600
26300700
26300800
26300900
26400000
26400100
26400200
26400300
26400400
26400500
26400600
26400700
26400800
26400900
26500000
26500100
26500200
26500300
26500400
26500500
26500600
26500700
26500800
26500900
26600000
26600100
26600200
26600300
26600400
26600500
26600600
26600700
26600800
26600900
26700000
26700100
26700200
26700300
26700400
26700500
26700600
26700700
26700800
26700900
26800000
26800100
26800200
26800300
26800400
26800500
26800600
26800700
26800800
26800900
26900000
26900100
26900200
26900300
26900400
26900500
26900600
26900700
26900800
26900900
27000000
27000100
27000200
27000300
27000400
27000500
27000600
27000700
27000800
27000900
27100000
27100100
27100200
27100300
27100400
27100500
27100600
27100700
27100800
27100900
27200000
27200100
27200200
27200300
27200400
27200500
27200600
27200700
27200800
27200900
27300000
27300100
27300200
27300300
27300400
27300500
27300600
27300700
27300800
27300900
27400000
27400100
27400200
27400300
27400400
27400500
27400600
27400700
27400800
27400900
27500000
27500100
27500200
27500300
27500400
27500500
27500600
27500700
27500800
27500900
27600000
27600100
27600200
27600300
27600400
27600500
27600600
27600700
27600800
27600900
27700000
27700100
27700200
27700300
27700400
27700500
27700600
27700700
27700800
27700900
27800000
27800100
27800200
27800300
27800400
27800500
27800600
27800700
27800800
27800900
27900000
27900100
27900200
27900300
27900400
27900500
27900600
27900700
27900800
27900900
28000000
28000100
28000200
28000300
28000400
28000500
28000600
28000700
28000800
28000900
28100000
28100100
28100200
28100300
28100400
28100500
28100600
28100700
28100800
28100900
28200000
28200100
28200200
28200300
28200400
28200500
28200600
28200700
28200800
28200900
28300000
28300100
28300200
28300300
28300400
28300500
28300600
28300700
28300800
28300900
28400000
28400100
28400200
28400300
28400400
28400500
28400600
28400700
28400800
28400900
28500000
28500100
28500200
28500300
28500400
28500500
28500600
28500700
28500800
28500900
28600000
28600100
28600200
28600300
28600400
28600500
28600600
28600700
28600800
28600900
28700000
28700100
28700200
28700300
28700400
28700500
28700600
28700700
28700800
28700900
28800000
28800100
28800200
28800300
28800400
28800500
28800600
28800700
28800800
28800900
28900000
28900100
28900200
28900300
28900400
28900500
28900600
28900700
28900800
28900900
29000000
29000100
29000200
29000300
29000400
29000500
29000600
29000700
29000800
29000900
29100000
29100100
29100200
29100300
29100400
29100500
29100600
29100700
29100800
29100900
29200000
29200100
29200200
29200300
29200400
29200500
29200600
29200700
29200800
29200900
29300000
29300100
29300200
29300300
29300400
29300500
29300600
29300700
29300800
29300900
29400000
29400100
29400200
29400300
29400400
29400500
29400600
29400700
29400800
29400900
29500000
29500100
29500200
29500300
29500400
29500500
29500600
29500700
29500800
29500900
29600000
29600100
29600200
29600300
29600400
29600500
29600600
29600700
29600800
29600900
29700000
29700100
29700200
29700300
29700400
29700500
29700600
29700700
29700800
29700900
29800000
29800100
29800200
29800300
29800400
29800500
29800600
29800700
29800800
29800900
29900000
29900100
29900200
29900300
29900400
29900500
29900600
29900700
29900800
29900900
30000000
30000100
30000200
30000300
30000400
30000500
30000600
30000700
30000800
30000900
30100000
30100100
30100200
30100300
30100400
30100500
30100600
30100700
30100800
30100900
30200000
30200100
30200200
30200300
30200400
30200500
30200600
30200700
30200800
30200900
30300000
30300100
30300200
30300300
30300400
30300500
30300600
30300700
30300800
30300900
30400000
30400100
30400200
30400300
30400400
30400500
30400600
30400700
30400800
30400900
30500000
30500100
30500200
30500300
30500400
30500500
30500600
30500700
30500800
30500900
30600000
30600100
30600200
30600300
30600400
30600500
30600600
30600700
30600800
30600900
30700000
30700100
30700200
30700300
30700400
30700500
30700600
30700700
30700800
30700900
30800000
30800100
30800200
30800300
30800400
30800500
30800600
30800700
30800800
30800900
30900000
30900100
30900200
30900300
30900400
30900500
30900600
30900700
30900800
30900900
31000000
31000100
31000200
31000300
31000400
31000500
31000600
31000700
31000800
31000900
31100000
31100100
31100200
31100300
31100400
31100500
31100600
31100700
31100800
31100900
31200000
31200100
31200200
31200300
31200400
31200500
31200600
31200700
31200800
31200900
31300000
31300100
31300200
31300300
31300400
31300500
31300600
31300700
31300800
31300900
31400000
31400100
31400200
31400300
31400400
31400500
31400600
31400700
31400800
31400900
31500000
31500100
31500200
31500300
31500400
31500500
31500600
31500700
31500800
31500900
31600000
31600100
31600200
31600300
31600400
31600500
31600600
31600700
31600800
31600900
31700000
31700100
31700200
31700300
31700400
31700500
31700600
31700700
31700800
31700900
31800000
31800100
31800200
31800300
31800400
31800500
31800600
31800700
31800800
31800900
31900000
31900100
31900200
31900300
31900400
31900500
31900600
31900700
31900800
31900900
32000000
32000100
32000200
32000300
32000400
32000500
32000600
32000700
32000800
32000900
32100000
32100100
32100200
32100300
32100400
32100500
32100600
32100700
32100800
32100900
32200000
32200100
32200200
32200300
32200400
32200500
32200600
32200700
32200800
32200900
32300000
32300100
32300200
32300300
32300400
32300500
32300600
32300700
32300800
32300900
32400000
32400100
32400200
32400300
32400400
32400500
32400600
32400700
32400800
32400900
32500000
32500100
32500200
32500300
32500400
32500500
32500600
32500700
32500800
32500900
32600000
32600100
32600200
32600300
32600400
32600500
32600600
32600700
32600800
32600900
32700000
32700100
32700200
32700300
32700400
32700500
32700600
32700700
32700800
32700900
32800000
32800100
32800200
32800300
32800400
32800500
32800600
32800700
32800800
32800900
32900000
32900100
32900200
32900300
32900400
32900500
32900600
32900700
32900800
32900900
33000000
33000100
33000200
33000300
33000400
33000500
33000600
33000700
33000800
33000900
33100000
33100100
33100200
33100300
33100400
33100500
33100600
33100700
33100800
33100900
33200000
33200100
33200200
33200300
33200400
33200500
33200600
33200700
33200800
33200900
33300000
33300100
33300200
33300300
33300400
33300500
33300600
33300700
33300800
33300900
33400000
33400100
33400200
33400300
33400400
33400500
33400600
33400700
33400800
33400900
33500000
33500100
33500200
33500300
33500400
33500500
33500600
33500700
33500800
33500900
33600000
33600100
33600200
33600300
33600400
33600500
33600600
33600700
33600800
33600900
33700000
33700100
33700200
33700300
33700400
33700500
33700600
33700700
33700800
33700900
33800000
33800100
33800200
33800300
33800400
33800500
33800600
33800700
33800800
33800900
33900000
33900100
33900200
33900300
33900400
33900500
33900600
33900700
33900800
33900900
34000000
34000100
34000200
34000300
34000400
34000500
34000600
34000700
34000800
34000900
34100000
34100100
34100200
34100300
34100400
34100500
34100600
34100700
34100800
34100900
34200000
34200100
34200200
34200300
34200400
34200500
34200600
34200700
34200800
34200900
34300000
34300100
34300200
34300300
34300400
34300500
34300600
34300700
34300800
34300900
34400000
34400100
34400200
34400300
34400400
34400500
34400600
34400700
34400800
34400900
34500000
34500100
34500200
34500300
34500400
34500500
34500600
34500700
34500800
34500900
34600000
34600100
34600200
34600300
34600400
34600500
34600600
34600700
34600800
34600900
34700000
34700100
34700200
34700300
34700400
34700500
34700600
34700700
34700800
34700900
34800000
34800100
34800200
34800300
34800400
34800500
34800600
34800700
34800800
34800900
34900000
34900100
34900200
34900300
34900400
34900500
34900600
34900700
34900800
34900900
35000000
35000100
35000200
35000300
35000400
35000500
35000600
35000700
35000800
35000900
35100000
35100100
35100200
35100300
35100400
35100500
35100600
35100700
35100800
35100900
35200000
35200100
35200200
35200300
35200400
35200500
35200600
35200700
35200800
35200900
35300000
35300100
35300200
35300300
35300400
35300500
35300600
35300700
35300800
35300900
35400000
35400100
35400200
35400300
35400400
35400500
35400600
35400700
35400800
35400900
35500000
35500100
35500200
35500300
35500400
35500500
35500600
35500700
35500800
35500900
35600000
35600100
35600200
35600300
35600400
35600500
35600600
35600700
35600800
35600900
35700000
35700100
35700200
35700300
35700400
35700500
35700600
35700700
35700800
35700900
35800000
35800100
35800200
35800300
35800400
35800500
35800600
35800700
35800800
35800900
35900000
35900100
35900200
35900300
35900400
35900500
35900600
35900700
35900800
35900900
36000000
36000100
36000200
36000300
36000400
36000500
36000600
36000700
36000800
36000900
36100000
36100100
36100200
36100300
36100400
36100500
36100600
36100700
36100800
36100900
36200000
36200100
36200200
36200300
36200400
36200500
36200600
36200700
36200800
36200900
36300000
36300100
36300200
36300300
36300400
36300500
36300600
36300700
36300800
36300900
36400000
36400100
36400200
36400300
36400400
36400500
36400600
36400700
36400800
36400900
36500000
36500100
36500200
36500300
36500400
36500500
36500600
36500700
36500800
36500900
36600000
36600100
36600200
36600300
36600400
36600500
36600600
36600700
36600800
36600900
36700000
36700100
36700200
36700300
36700400
36700500
36700600
36700700
36700800
36700900
36800000
36800100
36800200
36800300
36800400
36800500
36800600
36800700
36800800
36800900
36900000
36900100
36900200
36900300
36900400
36900500
36900600
36900700
36900800
36900900
37000000
37000100
37000200
37000300
37000400
37000500
37000600
37000700
37000800
37000900
37100000
37100100
37100200
37100300
37100400
37100500
37100600
37100700
37100800
37100900
37200000
37200100
37200200
37200300
37200400
37200500
37200600
37200700
37200800
37200900
37300000
37300100
37300200
37300300
37300400
37300500
37300600
37300700
37300800
37300900
37400000
37400100
37400200
37400300
37400400
37400500
37400600
37400700
37400800
37400900
37500000
37500100
37500200
37500300
37500400
37500500
37500600
37500700
37500800
37500900
37600000
37600100
37600200
37600300
37600400
37600500
37600600
37600700
37600800
37600900
37700000
37700100
37700200
37700300
37700400
37700500
37700600
37700700
37700800
37700900
37800000
37800100
37800200
37800300
37800400
37800500
37800600
37800700
37800800
37800900
37900000
37900100
37900200
37900300
37900400
37900500
37900600
37900700
37900800
37900900
38000000
38000100
38000200
38000300
38000400
38000500
38000600
38000700
38000800
38000900
38100000
38100100
38100200
38100300
38100400
38100500
38100600
38100700
38100800
38100900
38200000
38200100
38200200
38200300
38200400
38200500
38200600
38200700
38200800
38200900
38300000
38300100
38300200
38300300
38300400
38300500
38300600
38300700
38300800
38300900
38400000
38400100
38400200
38400300
38400400
38400500
38400600
38400700
38400800
38400900
38500000
38500100
38500200
38500300
38500400
38500500
38500600
38500700
38500800
38500900
38600000
38600100
38600200
38600300
38600400
38600500
38600600
38600700
38600800
38600900
38700000
38700100
38700200
38700300
38700400
38700500
38700600
38700700
38700800
38700900
38800000
38800100
38800200
38800300
38800400
38800500
38800600
38800700
38800800
38800900
38900000
38900100
38900200
38900300
38900400
38900500
38900600
38900700
38900800
38900900
39000000
39000100
39000200
39000300
39000400
39000500
39000600
39000700
39000800
39000900
39100000
39100100
39100200
39100300
39100400
39100500
39100600
39100700
39100800
39100900
39200000
39200100
39200200
39200300
39200400
39200500
39200600
39200700
39200800
39200900
39300000
39300100
39300200
39300300
39300400
39300500
39300600
39300700
39300800
39300900
39400000
39400100
39400200
39400300
39400400
39400500
39400600
39400700
39400800
39400900
39500000
39500100
39500200
39500300
39500400
39500500
39500600
39500700
39500800
39500900
39600000
39600100
39600200
39600300
39600400
39600500
39600600
39600700
39600800
39600900
39700000
39700100
39700200
39700300
39700400
39700500
39700600
39700700
39700800
39700900
39800000
39800100
39800200
39800300
39800400
39800500
39800600
39800700
39800800
39800900
39900000
39900100
39900200
39900300
39900400
39900500
39900600
39900700
39900800
39900900
40000000
40000100
40000200
40000300
40000400
40000500
40000600
40000700
40000800
40000900
40100000
40100100
40100200
40100300
40100400
40100500
40100600
40100700
40100800
40100900
40200000
40200100
40200200
40200300
40200400
40200500
40200600
40200700
40200800
40200900
40300000
40300100
40300200
40300300
40300400
40300500
40300600
40300700
40300800
40300900
40400000
40400100
40400200
40400300
40400400
40400500
40400600
40400700
40400800
40400900
40500000
40500100
40500200
40500300
40500400
40500500
40500600
40500700
40500800
40500900
40600000
40600100
40600200
40600300
40600400
40600500
40600600
40600700
40600800
40600900
40700000
40700100
40700200
40700300
40700400
40700500
40700600
40700700
40700800
40700900
40800000
40800100
40800200
40800300
40800400
40800500
40800600
40800700
40800800
40800900
40900000
40900100
40900200
40900300
40900400
40900500
40900600
40900700
40900800
40900900
41000000
41000100
41000200
41000300
41000400
41000500
41000600
41000700
41000800
41000900
41100000
41100100
41100200
41100300
41100400
41100500
41100600
41100700
41100800
41100900
41200000
41200100
41200200
41200300
41200400
41200500
41200600
41200700
41200800
41200900
41300000
41300100
41300200
41300300
41300400
41300500
41300600
41300700
41300800
41300900
41400000
41400100
41400200
41400300
41400400
41400500
41400600
41400700
41400800
41400900
41500000
41500100
41500200
41500300
41500400
41500500
41500600
41500700
41500800
41500900
41600000
41600100
41600200
41600300
41600400
41600500
41600600
41600700
41600800
41600900
41700000
41700100
41700200
41700300
41700400
41700500
41700600
41700700
41700800
41700900
41800000
41800100
41800200
41800300
41800400
41800500
41800600
41800700
41800800
41800900
41900000
41900100
41900200
41900300
41900400
41900500
41900600
41900700
41900800
41900900
42000000
42000100
42000200
42000300
42000400
42000500
42000600
42000700
42000800
42000900
42100000
42100100
42100200
42100300
42100400
42100500
42100600
42100700
42100800
42100900
42200000
42200100
42200200
42200300
42200400
42200500
42200600
42200700
42200800
42200900
42300000
42300100
42300200
42300300
42300400
42300500
42300600
42300700
42300800
42300900
42400000
42400100
42400200
42400300
42400400
42400500
42400600
42400700
42400800
42400900
42500000
42500100
42500200
42500300
42500400
42500500
42500600
42500700
42500800
42500900
42600000
42600100
42600200
42600300
42600400
42600500
42600600
42600700
42600800
42600900
42700000
42700100
42700200
42700300
42700400
42700500
42700600
42700700
42700800
42700900
42800000
42800100
42800200
42800300
42800400
42800500
42800600
42800700
42800800
42800900
42900000
42900100
42900200
42900300
42900400
42900500
42900600
42900700
42900800
42900900
43000000
43000100
43000200
43000300
43000400
43000500
43000600
43000700
43000800
43000900
43100000
43100100
43100200
43100300
43100400
43100500
43100600
43100700
43100800
43100900
43200000
43200100
43200200
43200300
43200400
43200500
43200600
43200700
43200800
43200900
43300000
43300100
43300200
43300300
43300400
43300500
43300600
43300700
43300800
43300900
43400000
43400100
43400200
43400300
43400400
43400500
43400600
43400700
43400800
43400900
43500000
43500100
43500200
43500300
43500400
43500500
43500600
43500700
43500800
43500900
43600000
43600100
43600200
43600300
43600400
43600500
43600600
43600700
43600800
43600900
43700000
43700100
43700200
43700300
43700400
43700500
43700600
43700700
43700800
43700900
43800000
43800100
43800200
43800300
43800400
43800500
43800600
43800700
43800800
43800900
43900000
43900100
43900200
43900300
43900400
43900500
43900600
43900700
43900800
43900900
44000000
44000100
44000200
44000300
44000400
44000500
44000600
44000700
44000800
44000900
44100000
44100100
44100200
44100300
44100400
44100500
44100600
44100700
44100800
44100900
44200000
44200100
44200200
44200300
44200400
44200500
44200600
44200700
44200800
44200900
44300000
44300100
44300200
44300300
44300400
44300500
44300600
44300700
44300800
44300900
44400000
44400100
44400200
44400300
44400400
44400500
44400600
44400700
44400800
44400900
44500000
44500100
44500200
44500300
44500400
44500500
44500600
44500700
44500800
44500900
44600000
44600100
44600200
44600300
44600400
44600500
44600600
44600700
44600800
44600900
44700000
44700100
44700200
44700300
44700400
44700500
44700600
44700700
44700800
44700900
44800000
44800100
44800200
44800300
44800400
44800500
44800600
44800700
44800800
44800900
44900000
44900100
44900200
44900300
44900400
44900500
44900600
44900700
44900800
44900900
45000000
45000100
45000200
45000300
45000400
45000500
45000600
45000700
45000800
45000900
45100000
45100100
45100200
45100300
45100400
45100500
45100600
45100700
45100800
45100900
45200000
45200100
45200200
45200300
45200400
45200500
45200600
45200700
45200800
45200900
45300000
45300100
45300200
45300300
45300400
45300500
45300600
45300700
45300800
45300900
45400000
45400100
45400200
45400300
45400400
45400500
45400600
45400700
45400800
45400900
45500000
45500100
45500200
45500300
45500400
45500500
45500600
45500700
45500800
45500900
45600000
45600100
45600200
45600300
45600400
45600500
45600600
45600700
45600800
45600900
45700000
45700100
45700200
45700300
45700400
45700500
45700600
45700700
45700800
45700900
45800000
45800100
45800200
45800300
45800400
45800500
45800600
45800700
45800800
45800900
45900000
45900100
45900200
45900300
45900400
45900500
45900600
45900700
45900800
45900900
46000000
46000100
46000200
46000300
46000400
46000500
46000600
46000700
46000800
46000900
46100000
46100100
46100200
46100300
46100400
46100500
46100600
46100700
46100800
46100900
46200000
46200100
46200200
46200300
46200400
46200500
46200600
46200700
46200800
46200900
46300000
46300100
46300200
46300300
46300400
46300500
46300600
46300700
46300800
46300900
46400000
46400100
46400200
46400300
46400400
46400500
46400600
46400700
46400800
46400900
46500000
46500100
46500200
46500300
46500400
46500500
46500600
46500700
46500800
46500900
46600000
46600100
46600200
46600300
46600400
46600500
46600600
46600700
46600800
46600900
46700000
46700100
46700200
46700300
46700400
46700500
46700600
46700700
46700800
46700900
46800000
46800100
46800200
46800300
46800400
46800500
46800600
46800700
46800800
46800900
46900000
46900100
46900200
46900300
46900400
46900500
46900600
46900700
46900800
46900900
47000000
47000100
47000200
47000300
47000400
47000500
47000600
47000700
47000800
47000900
47100000
47100100
47100200
47100300
47100400
47100500
47100600
47100700
47100800
47100900
47200000
47200100
47200200
47200300
47200400
47200500
47200600
47200700
47200800
47200900
47300000
47300100
47300200
47300300
47300400
47300500
47300600
47300700
47300800
47300900
47400000
47400100
47400200
47400300
47400400
47400500
47400600
47400700
47400800
47400900
47500000
47500100
47500200
47500300
47500400
47500500
47500600
47500700
47500800
47500900
47600000
47600100
47600200
47600300
47600400
47600500
47600600
47600700
47600800
47600900
47700000
47700100
47700200
47700300
47700400
47700500
47700600
47700700
47700800
47700900
47800000
47800100
47800200
47800300
47800400
47800500
47800600
47800700
47800800
47800900
47900000
47900100
47900200
47900300
47900400
47900500
47900600
47900700
47900800
47900900
48000000
48000100
48000200
48000300
48000400
48000500
48000600
48000700
48000800
48000900
48100000
48100100
48100200
48100300
48100400
48100500
48100600
48100700
48100800
48100900
48200000
48200100
48200200
48200300
48200400
48200500
48200600
48200700
48200800
48200900
48300000
48300100
48300200
48300300
48300400
48300500
48300600
48300700
48300800
48300900
48400000
48400100
48400200
48400300
48400400
48400500
48400600
48400700
48400800
48400900
48500000
48500100
48500200
48500300
48500400
48500500
48500600
48500700
48500800
48500900
48600000
48600100
48600200
48600300
48600400
48600500
48600600
48600700
48600800
48600900
48700000
48700100
48700200
48700300
48700400
48700500
48700600
48700700
48700800
48700900
48800000
48800100
48800200
48800300
48800400
48800500
48800600
48800700
48800800
48800900
48900000
48900100
48900200
48900300
48900400
48900500
48900600
48900700
48900800
48900900
49000000
49000100
49000200
49000300
49000400
49000500
49000600
49000700
49000800
49000900
49100000
49100100
49100200
49100300
49100400
49100500
49100600
49100700
49100800
49100900
49200000
49200100
49200200
49200300
49200400
49200500
49200600
49200700
49200800
49200900
49300000
49300100
49300200
49300300
49300400
49300500
49300600
49300700
49300800
49300900
49400000
49400100
49400200
49400300
49400400
49400500
49400600
49400700
49400800
49400900
49500000
49500100
49500200
49500300
49500400
49500500
49500600
49500700
49500800
49500900
49600000
49600100
49600200
49600300
49600400
49600500
49600600
49600700
49600800
49600900
49700000
49700100
49700200
49700300
49700400
49700500
49700600
49700700
49700800
49700900
49800000
49800100
49800200
49800300
49800400
49800500
49800600
49800700
49800800
49800900
49900000
49900100
49900200
49900300
49900400
49900500
49900600
49900700
49900800
49900900
50000000
50000100
50000200
50000300
50000400
50000500
50000600
50000700
50000800
50000900
50100000
50100100
50100200
50100300
50100400
50100500
50100600
50100700
50100800
50100900
50200000
50200100
50200200
50200300
50200400
50200500
50200600
50200700
50200800
50200900
50300000
50300100
50300200
50300300
50300400
50300500
50300600
50300700
50300800
50300900
50400000
50400100
50400200
50400300
50400400
50400500
50400600
50400700
50400800
50400900
50500000
50500100
50500200
50500300
50500400
50500500
50500600
50500700
50500800
50500900
50600000
50600100
50600200
50600300
50600400
50600500
50600600
50600700
50600800
50600900
50700000
50700100
50700200
50700300
50700400
50700500
50700600
50700700
50700800
50700900
50800000
50800100
50800200
50800300
50800400
50800500
50800600
50800700
50800800
50800900
50900000
50900100
50900200
50900300
50900400
50900500
50900600
50900700
50900800
50900900
51000000
51000100
51000200
51000300
51000400
51000500
51000600
51000700
51000800
51000900
51100000
51100100
51100200
51100300
51100400
51100500
51100600
51100700
51100800
51100900
51200000
51200100
51200200
51200300
51200400
51200500
51200600
51200700
51200800
51200900
51300000
51300100
51300200
51300300
51300400
51300500
51300600
51300700
51300800
51300900
51400000
51400100
51400200
51400300
51400400
51400500
51400600
51400700
51400800
51400900
51500000
51500100
51500200
51500300
51500400
51500500
51500600
51500700
51500800
51500900
51600000
51600100
51600200
51600300
51600400
51600500
51600600
51600700
51600800
51600900
51700000
51700100
51700200
51700300
51700400
51700500
51700600
51700700
51700800
51700900
51800000
51800100
51800200
51800300
51800400
51800500
51800600
51800700
51800800
51800900
51900000
51900100
51900200
51900300
51900400
51900500
51900600
51900700
51900800
51900900
52000000
52000100
52000200
52000300
52000400
52000500
52000600
52000700
52000800
52000900
52100000
52100100
52100200
52100300
52100400
52100500
52100600
52100700
52100800
52100900
52200000
52200100
52200200
52200300
52200400
52200500
52200600
52200700
52200800
52200900
52300000
52300100
52300200
52300300
52300400
52300500
52300600
52300700
52300800
52300900
52400000
52400100
52400200
52400300
52400400
52400500
52400600
52400700
52400800
52400900
52500000
52500100
52500200
52500300
52500400
52500500
52500600
52500700
52500800
52500900
52600000
52600100
52600200
52600300
52600400
52600500
52600600
52600700
52600800
52600900
52700000
52700100
52700200
52700300
52700400
52700500
52700600
52700700
52700800
52700900
52800000
52800100
52800200
52800300
52800400
52800500
52800600
52800700
52800800
52800900
52900000
52900100
52900200
52900300
52900400
52900500
52900600
52900700
52900800
52900900
53000000
53000100
53000200
53000300
53000400
53000500
53000600
53000700
53000800
53000900
53100000
53100100
53100200
53100300
53100400
53100500
53100600
53100700
53100800
53100900
53200000
53200100
53200200
53200300
53200400
53200500
53200600
53200700
53200800
53200900
53300000
53300100
53300200
53300300
53300400
53300500
53300600
53300700
53300800
53300900
53400000
53400100
53400200
53400300
53400400
53400500
53400600
53400700
53400800
53400900
53500000
53500100
53500200
53500300
53500400
53500500
53500600
53500700
53500800
53500900
53600000
53600100
53600200
53600300
53600400
53600500
53600600
53600700
53600800
53600900
53700000
53700100
53700200
53700300
53700400
53700500
53700600
53700700
53700800
53700900
53800000
53800100
53800200
53800300
53800400
53800500
53800600
53800700
53800800
53800900
53900000
53900100
53900200
53900300
53900400
53900500
53900600
53900700
53900800
53900900
54000000
54000100
54000200
54000300
54000400
54000500
54000600
54000700
54000800
54000900
54100000
54100100
54100200
54100300
54100400
54100500
54100600
54100700
54100800
54100900
54200000
54200100
54200200
54200300
54200400
54200500
54200600
54200700
54200800
54200900
54300000
54300100
54300200
54300300
54300400
54300500
54300600
54300700
54300800
54300900
54400000
54400100
54400200
54400300
54400400
54400500
54400600
54400700
54400800
54400900
54500000
54500100
54500200
54500300
54500400
54500500
54500600
54500700
54500800
54500900
54600000
54600100
54600200
54600300
54600400
54600500
54600600
54600700
54600800
54600900
54700000
54700100
54700200
54700300
54700400
54700500
54700600
54700700
54700800
54700900
54800000
54800100
54800200
54800300
54800400
54800500
54800600
54800700
54800800
54800900
54900000
54900100
54900200
54900300
54900400
54900500
54900600
54900700
54900800
54900900
55000000
55000100
55000200
55000300
55000400
55000500
55000600
55000700
55000800
55000900
55100000
55100100
55100200
55100300
55100400
55100500
55100600
55100700
55100800
55100900
55200000
55200100
55200200
55200300
55200400
55200500
55200600
55200700
55200800
55200900
55300000
55300100
55300200
55300300
55300400
55300500
55300600
55300700
55300800
55300900
55400000
55400100
55400200
55400300
55400400
55400500
55400600
55400700
55400800
55400900
55500000
55500100
55500200
55500300
55500400
55500500
55500600
55500700
55500800
55500900
55600000
55600100
55600200
55600300
55600400
55600500
55600600
55600700
55600800
55600900
55700000
55700100
55700200
55700300
55700400
55700500
55700600
55700700
55700800
55700900
55800000
55800100
55800200
55800300
55800400
55800500
55800600
55800700
55800800
55800900
55900000
55900100
55900200
55900300
55900400
55900500
55900600
55900700
55900800
55900900
56000000
56000100
56000200
56000300
56000400
56000500
56000600
56000700
56000800
56000900
56100000
56100100
56100200
56100300
56100400
56100500
56100600
56100700
56100800
56100900
56200000
56200100
56200200
56200300
56200400
56200500
56200600
56200700
56200800
56200900
56300000
56300100
56300200
56300300
56300400
56300500
56300600
56300700
56300800
56300900
56400000
56400100
56400200
56400300
56400400
56400500
56400600
56400700
56400800
56400900
56500000
56500100
56500200
56500300
56500400
56500500
56500600
56500700
56500800
56500900
56600000
56600100
56600200
56600300
56600400
56600500
56600600
56600700
56600800
56600900
56700000
56700100
56700200
56700300
56700400
56700500
56700600
56700700
56700800
56700900
56800000
56800100
56800200
56800300
56800400
56800500
56800600
56800700
56800800
56800900
56900000
56900100
56900200
56900300
56900400
56900500
56900600
56900700
56900800
56900900
57000000
57000100
57000200
57000300
57000400
57000500
57000600
57000700
57000800
57000900
57100000
57100100
57100200
57100300
57100400
57100500
57100600
57100700
57100800
57100900
57200000
57200100
57200200
57200300
57200400
57200500
57200600
57200700
57200800
57200900
57300000
57300100
57300200
57300300
57300400
57300500
57300600
57300700
57300800
57300900
57400000
57400100
57400200
57400300
57400400
57400500
57400600
57400700
57400800
57400900
57500000
57500100
57500200
57500300
57500400
57500500
57500600
57500700
57500800
57500900
57600000
57600100
57600200
57600300
57600400
57600500
57600600
57600700
57600800
57600900
57700000
57700100
57700200
57700300
57700400
57700500
57700600
57700700
57700800
57700900
57800000
57800100
57800200
57800300
57800400
57800500
57800600
57800700
57800800
57800900
57900000
57900100
57900200
57900300
57900400
57900500
57900600
57900700
57900800
57900900
58000000
58000100
58000200
58000300
58000400
58000500
58000600
58000700
58000800
58000900
58100000
58100100
58100200
58100300
58100400
58100500
58100600
58100700
58100800
58100900
58200000
58200100
58200200
58200300
58200400
58200500
58200600
58200700
58200800
58200900
58300000
58300100
58300200
58300300
58300400
58300500
58300600
58300700
58300800
58300900
58400000
58400100
58400200
58400300
58400400
58400500
58400600
58400700
58400800
58400900
58500000
58500100
58500200
58500300
58500400
58500500
58500600
58500700
58500800
58500900
58600000
58600100
58600200
58600300
58600400
58600500
58600600
58600700
58600800
58600900
58700000
58700100
58700200
58700300
58700400
58700500
58700600
58700700
58700800
58700900
58800000
58800100
58800200
58800300
58800400
58800500
58800600
58800700
58800800
58800900
58900000
58900100
58900200
58900300
58900400
58900500
58900600
58900700
58900800
58900900
59000000
59000100
59000200
59000300
59000400
59000500
59000600
59000700
59000800
59000900
59100000
59100100
59100200
59100300
59100400
59100500
59100600
59100700
59100800
59100900
59200000
59200100
59200200
59200300
59200400
59200500
59200600
59200700
59200800
59200900
59300000
59300100
59300200
59300300
59300400
59300500
59300600
59300700
59300800
59300900
59400000
59400100
59400200
59400300
59400400
59400500
59400600
59400700
59400800
59400900
59500000
59500100
59500200
59500300
59500400
59500500
59500600
59500700
59500800
59500900
59600000
59600100
59600200
59600300
59600400
59600500
59600600
59600700
59600800
59600900
59700000
59700100
59700200
59700300
59700400
59700500
59700600
59700700
59700800
59700900
59800000
59800100
59800200
59800300
59800400
59800500
59800600
59800700
59800800
59800900
59900000
59900100
59900200
59900300
59900400
59900500
59900600
59900700
59900800
59900900
60000000
60000100
60000200
60000300
60000400
60000500
60000600
60000700
60000800
60000900
60100000
60100100
60100200
60100300
60100400
60100500
60100600
60100700
60100800
60100900
60200000
60200100
60200200
60200300
60200400
60200500
60200600
60200700
60200800
60200900
60300000
60300100
60300200
60300300
60300400
60300500
60300600
60300700
60300800
60300900
60400000
60400100
60400200
60400300
60400400
60400500
60400600
60400700
60400800
60400900
60500000
60500100
60500200
60500300
60500400
60500500
60500600
60500700
60500800
60500900
60600000
60600100
60600200
60600300
60600400
60600500
60600600
60600700
60600800
60600900
60700000
60700100
60700200
60700300
60700400
60700500
60700600
60700700
60700800
60700900
60800000
60800100
60800200
60800300
60800400
60800500
60800600
60800700
60800800
60800900
60900000
60900100
60900200
60900300
60900400
60900500
60900600
60900700
60900800
60900900
61000000
61000100
61000200
61000300
61000400
61000500
61000600
61000700
61000800
61000900
61100000
61100100
61100200
61100300
61100400
61100500
61100600
61100700
61100800
61100900
61200000
61200100
61200200
61200300
61200400
61200500
61200600
61200700
61200800
61200900
61300000
61300100
61300200
61300300
61300400
61300500
61300600
61300700
61300800
61300900
61400000
61400100
61400200
61400300
61400400
61400500
61400600
61400700
61400800
61400900
61500000
61500100
61500200
61500300
61500400
61500500
61500600
61500700
61500800
61500900
61600000
61600100
61600200
61600300
61600400
61600500
61600600
61600700
61600800
61600900
61700000
61700100
61700200
61700300
61700400
61700500
61700600
61700700
61700800
61700900
61800000
61800100
61800200
61800300
61800400
61800500
61800600
61800700
61800800
61800900
61900000
61900100
61900200
61900300
61900400
61900500
61900600
61900700
61900800
61900900
62000000
62000100
62000200
62000300
62000400
62000500
62000600
62000700
62000800
62000900
62100000
62100100
62100200
62100300
62100400
62100500
62100600
62100700
62100800
62100900
62200000
62200100
62200200
62200300
62200400
62200500
62200600
62200700
62200800
62200900
62300000
62300100
62300200
62300300
62300400
62300500
62300600
62300700
62300800
62300900
62400000
62400100
62400200
62400300
62400400
62400500
62400600
62400700
62400800
62400900
62500000
62500100
62500200
62500300
62500400
62500500
62500600
62500700
62500800
62500900
62600000
62600100
62600200
62600300
62600400
62600500
62600600
62600700
62600800
62600900
62700000
62700100
62700200
62700300
62700400
62700500
62700600
62700700
62700800
62700900
62800000
62800100
62800200
62800300
62800400
62800500
62800600
62800700
62800800
62800900
62900000
62900100
62900200
62900300
62900400
62900500
62900600
62900700
62900800
62900900
63000000
63000100
63000200
63000300
63000400
63000500
63000600
63000700
63000800
63000900
63100000
63100100
63100200
63100300
63100400
63100500
63100600
63100700
63100800
63100900
63200000
63200100
63200200
63200300
63200400
63200500
63200600
63200700
63200800
63200900
63300000
63300100
63300200
63300300
63300400
63300500
63300600
63300700
63300800
63300900
63400000
63400100
63400200
63400300
63400400
63400500
63400600
63400700
63400800
63400900
63500000
63500100
63500200
63500300
63500400
63500500
63500600
63500700
63500800
63500900
63600000
63600100
63600200
63600300
63600400
63600500
63600600
63600700
63600800
63600900
63700000
63700100
63700200
63700300
63700400
63700500
63700600
63700700
63700800
63700900
63800000
63800100
63800200
63800300
63800400
63800500
63800600
63800700
63800800
63800900
63900000
63900100
63900200
63900300
63900400
63900500
63900600
63900700
63900800
63900900
64000000
64000100
64000200
64000300
64000400
64000500
64000600
64000700
64000800
64000900
64100000
64100100
64100200
64100300
64100400
64100500
64100600
64100700
64100800
64100900
64200000
64200100
64200200
64200300
64200400
64200500
64200600
64200700
64200800
64200900
64300000
64300100
64300200
64300300
64300400
64300500
64300600
64300700
64300800
64300900
64400000
64400100
64400200
64400300
64400400
64400500
64400600
64400700
64400800
64400900
64500000
64500100
64500200
64500300
64500400
64500500
64500600
64500700
64500800
64500900
64600000
64600100
64600200
64600300
64600400
64600500
64600600
64600700
64600800
64600900
64700000
64700100
64700200
64700300
64700400
64700500
64700600
64700700
64700800
64700900
64800000
64800100
64800200
64800300
64800400
64800500
64800600
64800700
64800800
64800900
64900000
64900100
64900200
64900300
64900400
64900500
64900600
64900700
64900800
64900900
65000000
65000100
65000200
65000300
65000400
65000500
65000600
65000700
65000800
65000900
65100000
65100100
65100200
65100300
65100400
65100500
65100600
65100700
65100800
65100900
65200000
65200100
65200200
65200300
65200400
65200500
65200600
65200700
65200800
65200900
65300000
65300100
65300200
65300300
65300400
65300500
65300600
65300700
65300800
65300900
65400000
65400100
65400200
65400300
65400400
65400500
65400600
65400700
65400800
65400900
65500000
65500100
65500200
65500300
65500400
65500500
65500600
65500700
65500800
65500900
65600000
65600100
65600200
65600300
65600400
65600500
65600600
65600700
65600800
65600900
65700000
65700100
65700200
65700300
65700400
65700500
65700600
65700700
65700800
65700900
65800000
65800100
65800200
65800300
65800400
65800500
65800600
65800700
65800800
65800900
65900000
65900100
65900200
65900300
65900400
65900500
65900600
65900700
65900800
65900900
66000000
66000100
66000200
66000300
66000400
66000500
66000600
66000700
66000800
66000900
66100000
66100100
66100200
66100300
66100400
66100500
66100600
66100700
66100800
66100900
66200000
66200100
66200200
66200300
66200400
66200500
66200600
66200700
66200800
66200900
66300000
66300100
66300200
66300300
66300400
66300500
66300600
66300700
66300800
66300900
66400000
66400100
66400200
66400300
66400400
66400500
66400600
66400700
66400800
66400900
66500000
66500100
66500200
66500300
66500400
66500500
66500600
66500700
66500800
66500900
66600000
66600100
66600200
66600300
66600400
66600500
66600600
66600700
66600800
66600900
66700000
66700100
66700200
66700300
66700400
66700500
66700600
66700700
66700800
66700900
66800000
66800100
66800200
66800300
66800400
66800500
66800600
66800700
66800800
66800900
66900000
66900100
66900200
66900300
66900400
66900500
66900600
66900700
66900800
66900900
67000000
67000100
67000200
67000300
67000400
67000500
67000600
67000700
67000800
67000900
67100000
67100100
67100200
67100300
67100400
67100500
67100600
67100700
67100800
67100900
67200000
67200100
67200200
67200300
67200400
67200500
67200600
67200700
67200800
67200900
67300000
67300100
67300200
67300300
67300400
67300500
67300600
67300700
67300800
67300900
67400000
67400100
67400200
67400300
67400400
67400500
67400600
67400700
67400800
67400900
67500000
67500100
67500200
67500300
67500400
67500500
67500600
67500700
67500800
67500900
67600000
67600100
67600200
67600300
67600400
67600500
67600600
67600700
67600800
67600900
67700000
67700100
67700200
67700300
67700400
67700500
67700600
67700700
67700800
67700900
67800000
67800100
67800200
67800300
67800400
67800500
67800600
67800700
67800800
67800900
67900000
67900100
67900200
67900300
67900400
67900500
67900600
67900700
67900800
67900900
68000000
68000100
68000200
68000300
68000400
68000500
68000600
68000700
68000800
68000900
68100000
68100100
68100200
68100300
68100400
68100500
68100600
68100700
68100800
68100900
68200000
68200100
68200200
68200300
68200400
68200500
68200600
68200700
68200800
68200900
68300000
68300100
68300200
68300300
68300400
68300500
68300600
68300700
68300800
68300900
68400000
68400100
68400200
68400300
68400400
68400500
68400600
68400700
68400800
68400900
68500000
68500100
68500200
68500300
68500400
68500500
68500600
68500700
68500800
68500900
68600000
68600100
68600200
68600300
68600400
68600500
68600600
68600700
68600800
68600900
68700000
68700100
68700200
68700300
68700400
68700500
68700600
68700700
68700800
68700900
68800000
68800100
68800200
68800300
68800400
68800500
68800600
68800700
68800800
68800900
68900000
68900100
68900200
68900300
68900400
68900500
68900600
68900700
68900800
68900900
69000000
69000100
69000200
69000300
69000400
69000500
69000600
69000700
69000800
69000900
69100000
69100100
69100200
69100300
69100400
69100500
69100600
69100700
69100800
69100900
69200000
69200100
69200200
69200300
69200400
69200500
69200600
69200700
69200800
69200900
69300000
69300100
69300200
69300300
69300400
69300500
69300600
69300700
69300800
69300900
69400000
69400100
69400200
69400300
69400400
69400500
69400600
69400700
69400800
69400900
69500000
69500100
69500200
69500300
69500400
69500500
69500600
69500700
69500800
69500900
69600000
69600100
69600200
69600300
69600400
69600500
69600600
69600700
69600800
69600900
69700000
69700100
69700200
69700300
69700400
69700500
69700600
69700700
69700800
69700900
69800000
69800100
69800200
69800300
69800400
69800500
69800600
69800700
69800800
69800900
69900000
69900100
69900200
69900300
69900400
69900500
69900600
69900700
69900800
69900900
70000000
70000100
70000200
70000300
70000400
70000500
70000600
70000700
70000800
70000900
70100000
70100100
70100200
70100300
70100400
70100500
70100600
70100700
70100800
70100900
70200000
70200100
70200200
70200300
70200400
70200500
70200600
70200700
70200800
70200900
70300000
70300100
70300200
70300300
70300400
70300500
70300600
70300700
70300800
70300900
70400000
70400100
70400200
70400300
70400400
70400500
70400600
70400700
70400800
70400900
70500000
70500100
70500200
70500300
70500400
70500500
70500600
70500700
70500800
70500900
70600000
70600100
70600200
70600300
70600400
70600500
70600600
70600700
70600800
70600900
70700000
70700100
70700200
70700300
70700400
70700500
70700600
70700700
70700800
70700900
70800000
70800100
70800200
70800300
70800400
70800500
70800600
70800700
70800800
70800900
70900000
70900100
70900200
70900300
70900400
70900500
70900600
70900700
70900800
70900900
71000000
71000100
71000200
71000300
71000400
71000500
71000600
71000700
71000800
71000900
71100000
71100100
71100200
71100300
71100400
71100500
71100600
71100700
71100800
71100900
71200000
71200100
71200200
71200300
71200400
71200500
71200600
71200700
71200800
71200900
71300000
71300100
71300200
71300300
71300400
71300500
71300600
71300700
71300800
71300900
71400000
71400100
71400200
71400300
71400400
71400500
71400600
71400700
71400800
71400900
71500000
71500100
71500200
71500300
71500400
71500500
71500600
71500700
71500800
71500900
71600000
71600100
71600200
71600300
71600400
71600500
71600600
71600700
71600800
71600900
71700000
71700100
71700200
71700300
71700400
71700500
71700600
71700700
71700800
71700900
71800000
71800100
71800200
71800300
71800400
71800500
71800600
71800700
71800800
71800900
71900000
71900100
71900200
71900300
71900400
71900500
71900600
71900700
71900800
71900900
72000000
72000100
72000200
72000300
72000400
72000500
72000600
72000700
72000800
72000900
72100000
72100100
72100200
72100300
72100400
72100500
72100600
72100700
72100800
72100900
72200000
72200100
72200200
72200300
72200400
72200500
72200600
72200700
72200800
72200900
72300000
72300100
72300200
72300300
72300400
72300500
72300600
72300700
72300800
72300900
72400000
72400100
72400200
72400300
72400400
72400500
72400600
72400700
72400800
72400900
72500000
72500100
72500200
72500300
72500400
72500500
72500600
72500700
72500800
72500900
72600000
72600100
72600200
72600300
72600400
72600500
72600600
72600700
72600800
72600900
72700000
72700100
72700200
72700300
72700400
72700500
72700600
72700700
72700800
72700900
72800000
72800100
72800200
72800300
72800400
72800500
72800600
72800700
72800800
72800900
72900000
72900100
72900200
72900300
72900400
72900500
72900600
72900700
72900800
72900900
73000000
73000100
73000200
73000300
73000400
73000500
73000600
73000700
73000800
73000900
73100000
73100100
73100200
73100300
73100400
73100500
73100600
73100700
73100800
73100900
73200000
73200100
73200200
73200300
73200400
73200500
73200600
73200700
73200800
73200900
73300000
73300100
73300200
73300300
73300400
73300500
73300600
73300700
73300800
73300900
73400000
73400100
73400200
73400300
73400400
73400500
73400600
73400700
73400800
73400900
73500000
73500100
73500200
73500300
73500400
73500500
73500600
73500700
73500800
73500900
73600000
73600100
73600200
73600300
73600400
73600500
73600600
73600700
73600800
73600900
73700000
73700100
73700200
73700300
73700400
73700500
73700600
73700700
73700800
73700900
73800000
73800100
73800200
73800300
73800400
73800500
73800600
73800700
73800800
73800900
73900000
73900100
73900200
73900300
73900400
73900500
73900600
73900700
73900800
73900900
74000000
74000100
74000200
74000300
74000400
74000500
74000600
74000700
74000800
74000900
74100000
74100100
74100200
74100300
74100400
74100500
74100600
74100700
74100800
74100900
74200000
74200100
74200200
74200300
74200400
74200500
74200600
74200700
74200800
74200900
74300000
74300100
74300200
74300300
74300400
74300500
74300600
74300700
74300800
74300900
74400000
74400100
74400200
74400300
74400400
74400500
74400600
74400700
74400800
74400900
74500000
74500100
74500200
74500300
74500400
74500500
74500600
74500700
74500800
74500900
74600000
74600100
74600200
74600300
74600400
74600500
74600600
74600700
74600800
74600900
74700000
74700100
74700200
74700300
74700400
74700500
74700600
74700700
74700800
74700900
74800000
74800100
74800200
74800300
74800400
74800500
74800600
74800700
74800800
74800900
74900000
74900100
74900200
74900300
74900400
74900500
74900600
74900700
74900800
74900900
75000000
75000100
75000200
75000300
75000400
75000500
75000600
75000700
75000800
75000900
75100000
75100100
75100200
75100300
75100400
75100500
75100600
75100700
75100800
75100900
75200000
75200100
75200200
75200300
75200400
75200500
75200600
75200700
75200800
75200900
75300000
75300100
75300200
75300300
75300400
75300500
75300600
75300700
75300800
75300900
75400000
75400100
75400200
75400300
75400400
75400500
75400600
75400700
75400800
75400900
75500000
75500100
75500200
75500300
75500400
75500500
75500600
75500700
75500800
75500900
75600000
75600100
75600200
75600300
75600400
75600500
75600600
75600700
75600800
75600900
75700000
75700100
75700200
75700300
75700400
75700500
75700600
75700700
75700800
75700900
75800000
75800100
75800200
75800300
75800400
75800500
75800600
75800700
75800800
75800900
75900000
75900100
75900200
75900300
75900400
75900500
75900600
75900700
75900800
75900900
76000000
76000100
76000200
76000300
76000400
76000500
76000600
76000700
76000800
76000900
76100000
76100100
76100200
76100300
76100400
76100500
76100600
76100700
76100800
76100900
76200000
76200100
76200200
76200300
76200400
76200500
76200600
76200700
76200800
76200900
76300000
76300100
76300200
76300300
76300400
76300500
76300600
76300700
76300800
76300900
76400000
76400100
76400200
76400300
76400400
76400500
76400600
76400700
76400800
76400900
76500000
76500100
76500200
76500300
76500400
76500500
76500600
76500700
76500800
76500900
76600000
76600100
76600200
76600300
76600400
76600500
76600600
76600700
76600800
76600900
76700000
76700100
76700200
76700300
76700400
76700500
76700600
76700700
76700800
76700900
76800000
76800100
76800200
76800300
76800400
76800500
76800600
76800700
76800800
76800900
76900000
76900100
76900200
76900300
76900400
76900500
76900600
76900700
76900800
76900900
77000000
77000100
77000200
77000300
77000400
77000500
77000600
77000700
77000800
77000900
77100000
77100100
77100200
77100300
77100400
77100500
77100600
77100700
77100800
77100900
77200000
77200100
77200200
77200300
77200400
77200500
77200600
77200700
77200800
77200900
77300000
77300100
77300200
77300300
77300400
77300500
77300600
77300700
77300800
77300900
77400000
77400100
77400200
77400300
77400400
77400500
77400600
77400700
77400800
77400900
77500000
77500100
77500200
77500300
77500400
77500500
77500600
77500700
77500800
77500900
77600000
77600100
77600200
77600300
77600400
77600500
77600600
77600700
77600800
77600900
77700000
77700100
77700200
77700300
77700400
77700500
77700600
77700700
77700800
77700900
77800000
77800100
77800200
77800300
77800400
77800500
77800600
77800700
77800800
77800900
77900000
77900100
77900200
77900300
77900400
77900500
77900600
77900700
77900800
77900900
78000000
78000100
78000200
78000300
78000400
78000500
78000600
78000700
78000800
78000900
78100000
78100100
78100200
78100300
78100400
78100500
78100600
78100700
78100800
78100900
78200000
78200100
78200200
78200300
78200400
78200500
78200600
78200700
78200800
78200900
78300000
78300100
78300200
78300300
78300400
78300500
78300600
78300700
78300800
78300900
78400000
78400100
78400200
78400300
78400400
78400500
78400600
78400700
78400800
78400900
78500000
78500100
78500200
78500300
78500400
78500500
78500600
78500700
78500800
78500900
78600000
78600100
78600200
78600300
78600400
78600500
78600600
78600700
78600800
78600900
78700000
78700100
78700200
78700300
78700400
78700500
78700600
78700700
78700800
78700900
78800000
78800100
78800200
78800300
78800400
78800500
78800600
78800700
78800800
78800900
78900000
78900100
78900200
78900300
78900400
78900500
78900600
78900700
78900800
78900900
79000000
79000100
79000200
79000300
79000400
79000500
79000600
79000700
79000800
79000900
79100000
79100100
79100200
79100300
79100400
79100500
79100600
79100700
79100800
79100900
79200000
79200100
79200200
79200300
79200400
79200500
79200600
79200700
79200800
79200900
79300000
79300100
79300200
79300300
79300400
79300500
79300600
79300700
79300800
79300900
79400000
79400100
79400200
79400300
79400400
79400500
79400600
79400700
79400800
79400900
79500000
79500100
79500200
79500300
79500400
79500500
79500600
79500700
79500800
79500900
79600000
79600100
79600200
79600300
79600400
79600500
79600600
79600700
79600800
79600900
79700000
79700100
79700200
79700300
79700400
79700500
79700600
79700700
79700800
79700900
79800000
79800100
79800200
79800300
79800400
79800500
79800600
79800700
79800800
79800900
79900000
79900100
79900200
79900300
79900400
79900500
79900600
79900700
79900800
79900900
80000000
80000100
80000200
80000300
80000400
80000500
80000600
80000700
80000800
80000900
80100000
80100100
80100200
80100300
80100400
80100500
80100600
80100700
80100800
80100900
80200000
80200100
80200200
80200300
80200400
80200500
80200600
80200700
80200800
80200900
80300000
80300100
80300200
80300300
80300400
80300500
80300600
80300700
80300800
80300900
80400000
80400100
80400200
80400300
80400400
80400500
80400600
80400700
80400800
80400900
80500000
80500100
80500200
80500300
80500400
80500500
80500600
80500700
80500800
80500900
80600000
80600100
80600200
80600300
80600400
80600500
80600600
80600700
80600800
80600900
80700000
80700100
80700200
80700300
80700400
80700500
80700600
80700700
80700800
80700900
80800000
80800100
80800200
80800300
80800400
80800500
80800600
80800700
80800800
80800900
80900000
80900100
80900200
80900300
80900400
80900500
80900600
80900700
80900800
80900900
81000000
81000100
81000200
81000300
81000400
81000500
81000600
81000700
81000800
81000900
81100000
81100100
81100200
81100300
81100400
81100500
81100600
81100700
81100800
81100900
81200000
81200100
81200200
81200300
81200400
81200500
81200600
81200700
81200800
81200900
81300000
81300100
81300200
81300300
81300400
81300500
81300600
81300700
81300800
81300900
81400000
81400100
81400200
81400300
81400400
81400500
81400600
81400700
81400800
81400900
81500000
81500100
81500200
81500300
81500400
81500500
81500600
81500700
81500800
81500900
81600000
81600100
81600200
81600300
81600400
81600500
81600600
81600700
81600800
81600900
81700000
81700100
81700200
81700300
81700400
81700500
81700600
81700700
81700800
81700900
81800000
81800100
81800200
81800300
81800400
81800500
81800600
81800700
81800800
81800900
81900000
81900100
81900200
81900300
81900400
81900500
81900600
81900700
81900800
81900900
82000000
82000100
82000200
82000300
82000400
82000500
82000600
82000700
82000800
82000900
82100000
82100100
82100200
82100300
82100400
82100500
82100600
82100700
82100800
82100900
82200000
82200100
82200200
82200300
82200400
82200500
82200600
82200700
82200800
82200900
82300000
82300100
82300200
82300300
82300400
82300500
82300600
82300700
82300800
82300900
82400000
82400100
82400200
82400300
82400400
82400500
82400600
82400700
82400800
82400900
82500000
82500100
82500200
82500300
82500400
82500500
82500600
82500700
82500800
82500900
82600000
82600100
82600200
82600300
82600400
82600500
82600600
82600700
82600800
82600900
82700000
82700100
82700200
82700300
82700400
82700500
82700600
82700700
82700800
82700900
82800000
82800100
82800200
82800300
82800400
82800500
82800600
82800700
82800800
82800900
82900000
82900100
82900200
82900300
82900400
82900500
82900600
82900700
82900800
82900900
83000000
83000100
83000200
83000300
83000400
83000500
83000600
83000700
83000800
83000900
83100000
83100100
83100200
83100300
83100400
83100500
83100600
83100700
83100800
83100900
83200000
83200100
83200200
83200300
83200400
83200500
83200600
83200700
83200800
83200900
83300000
83300100
83300200
83300300
83300400
83300500
83300600
83300700
83300800
83300900
83400000
83400100
83400200
83400300
83400400
83400500
83400600
83400700
83400800
83400900
83500000
83500100
83500200
83500300
83500400
83500500
83500600
83500700
83500800
83500900
83600000
83600100
83600200
83600300
83600400
83600500
83600600
83600700
83600800
83600900
83700000
83700100
83700200
83700300
83700400
83700500
83700600
83700700
83700800
83700900
83800000
83800100
83800200
83800300
83800400
83800500
83800600
83800700
83800800
83800900
83900000
83900100
83900200
83900300
83900400
83900500
83900600
83900700
83900800
83900900
84000000
84000100
84000200
84000300
84000400
84000500
84000600
84000700
84000800
84000900
84100000
84100100
84100200
84100300
84100400
84100500
84100600
84100700
84100800
84100900
84200000
84200100
84200200
84200300
84200400
84200500
84200600
84200700
84200800
84200900
84300000
84300100
84300200
84300300
84300400
84300500
84300600
84300700
84300800
84300900
84400000
84400100
84400200
84400300
84400400
84400500
84400600
84400700
84400800
84400900
84500000
84500100
84500200
84500300
84500400
84500500
84500600
84500700
84500800
84500900
84600000
84600100
84600200
84600300
84600400
84600500
84600600
84600700
84600800
84600900
84700000
84700100
84700200
84700300
84700400
84700500
84700600
84700700
84700800
84700900
84800000
84800100
84800200
84800300
84800400
84800500
84800600
84800700
84800800
84800900
84900000
84900100
84900200
84900300
84900400
84900500
84900600
84900700
84900800
84900900
85000000
85000100
85000200
85000300
85000400
85000500
85000600
85000700
85000800
85000900
85100000
85100100
85100200
85100300
85100400
85100500
85100600
85100700
85100800
85100900
85200000
85200100
85200200
85200300
85200400
85200500
85200600
85200700
85200800
85200900
85300000
85300100
85300200
85300300
85300400
85300500
85300600
85300700
85300800
85300900
85400000
85400100
85400200
85400300
85400400
85400500
85400600
85400700
85400800
85400900
85500000
85500100
85500200
85500300
85500400
85500500
85500600
85500700
85500800
85500900
85600000
85600100
85600200
85600300
85600400
85600500
85600600
85600700
85600800
85600900
85700000
85700100
85700200
85700300
85700400
85700500
85700600
85700700
85700800
85700900
85800000
85800100
85800200
85800300
85800400
85800500
85800600
85800700
85800800
85800900
85900000
85900100
85900200
85900300
85900400
85900500
85900600
85900700
85900800
85900900
86000000
86000100
86000200
86000300
86000400
86000500
86000600
86000700
86000800
86000900
86100000
86100100
86100200
86100300
86100400
86100500
86100600
86100700
86100800
86100900
86200000
86200100
86200200
86200300
86200400
86200500
86200600
86200700
86200800
86200900
86300000
86300100
86300200
86300300
86300400
86300500
86300600
86300700
86300800
86300900
86400000
86400100
86400200
86400300
86400400
86400500
86400600
86400700
86400800
86400900
86500000
86500100
86500200
86500300
86500400
86500500
86500600
86500700
86500800
86500900
86600000
86600100
86600200
86600300
86600400
86600500
86600600
86600700
86600800
86600900
86700000
86700100
86700200
86700300
86700400
86700500
86700600
86700700
86700800
86700900
86800000
86800100
86800200
86800300
86800400
86800500
86800600
86800700
86800800
86800900
86900000
86900100
86900200
86900300
86900400
86900500
86900600
86900700
86900800
86900900
87000000
87000100
87000200
87000300
87000400
87000500
87000600
87000700
87000800
87000900
87100000
87100100
87100200
87100300
87100400
87100500
87100600
87100700
87100800
87100900
87200000
87200100
87200200
87200300
87200400
87200500
87200600
87200700
87200800
87200900
87300000
87300100
87300200
87300300
87300400
87300500
87300600
87300700
87300800
87300900
87400000
87400100
87400200
87400300
87400400
87400500
87400600
87400700
87400800
87400900
87500000
87500100
87500200
87500300
87500400
87500500
87500600
87500700
87500800
87500900
87600000
87600100
87600200
87600300
87600400
87600500
87600600
87600700
87600800
87600900
87700000
87700100
87700200
87700300
87700400
87700500
87700600
87700700
87700800
87700900
87800000
87800100
87800200
87800300
87800400
87800500
87800600
87800700
87800800
87800900
87900000
87900100
87900200
87900300
87900400
87900500
87900600
87900700
87900800
87900900
88000000
88000100
88000200
88000300
88000400
88000500
88000600
88000700
88000800
88000900
88100000
88100100
88100200
88100300
88100400
88100500
88100600
88100700
88100800
88100900
88200000
88200100
88200200
88200300
88200400
88200500
88200600
88200700
88200800
88200900
88300000
88300100
88300200
88300300
88300400
88300500
88300600
88300700
88300800
88300900
88400000
88400100
88400200
88400300
88400400
88400500
88400600
88400700
88400800
88400900
88500000
88500100
88500200
88500300
88500400
88500500
88500600
88500700
88500800
88500900
88600000
88600100
88600200
88600300
88600400
88600500
88600600
88600700
88600800
88600900
88700000
88700100
88700200
88700300
88700400
88700500
88700600
88700700
88700800
88700900
88800000
88800100
88800200
88800300
88800400
88800500
88800600
88800700
88800800
88800900
88900000
88900100
88900200
88900300
88900400
88900500
88900600
88900700
88900800
88900900
89000000
89000100
89000200
89000300
89000400
89000500
89000600
89000700
89000800
89000900
89100000
89100100
89100200
89100300
89100400
89100500
89100600
89100700
89100800
89100900
89200000
89200100
89200200
89200300
89200400
89200500
89200600
89200700
89200800
89200900
89300000
89300100
89300200
89300300
89300400
89300500
89300600
89300700
89300800
89300900
89400000
89400100
89400200
89400300
89400400
89400500
89400600
89400700
89400800
89400900
89500000
89500100
89500200
89500300
89500400
89500500
89500600
89500700
89500800
89500900
89600000
89600100
89600200
89600300
89600400
89600500
89600600
89600700
89600800
89600900
89700000
89700100
89700200
89700300
89700400
89700500
89700600
89700700
89700800
89700900
89800000
89800100
89800200
89800300
89800400
89800500
89800600
89800700
89800800
89800900
89900000
89900100
89900200
89900300
89900400
89900500
89900600
89900700
89900800
89900900
90000000
90000100
90000200
90000300
90000400
90000500
90000600
90000700
90000800
90000900
90100000
90100100
90100200
90100300
90100400
90100500
90100600
90100700
90100800
90100900
90200000
90200100
90200200
90200300
90200400
90200500
90200600
90200700
90200800
90200900
90300000
90300100
90300200
90300300
90300400
90300500
90300600
90300700
90300800
90300900
90400000
90400100
90400200
90400300
90400400
90400500
90400600
90400700
90400800
90400900
90500000
90500100
90500200
90500300
90500400
90500500
90500600
90500700
90500800
90500900
90600000
90600100
90600200
90600300
90600400
90600500
90600600
90600700
90600800
90600900
90700000
90700100
90700200
90700300
90700400
90700500
90700600
90700700
90700800
90700900
90800000
90800100
90800200
90800300
90800400
90800500
90800600
90800700
90800800
90800900
90900000
90900100
90900200
90900300
90900400
90900500
90900600
90900700
90900800
90900900
91000000
91000100
91000200
91000300
91000400
91000500
91000600
91000700
91000800
91000900
91100000
91100100
91100200
91100300
91100400
91100500
91100600
91100700
91100800
91100900
91200000
91200100
91200200
91200300
91200400
91200500
91200600
91200700
91200800
91200900
91300000
91300100
91300200
91300300
91300400
91300500
91300600
91300700
91300800
91300900
91400000
91400100
91400200
91400300
91400400
91400500
91400600
91400700
91400800
91400900
91500000
91500100
91500200
91500300
91500400
91500500
91500600
91500700
91500800
91500900
91600000
91600100
91600200
91600300
91600400
91600500
91600600
91600700
91600800
91600900
91700000
91700100
91700200
91700300
91700400
91700500
91700600
91700700
91700800
91700900
91800000
91800100
91800200
91800300
91800400
91800500
91800600
91800700
91800800
91800900
91900000
91900100
91900200
91900300
91900400
91900500
91900600
91900700
91900800
91900900
92000000
92000100
92000200
92000300
92000400
92000500
92000600
92000700
92000800
92000900
92100000
92100100
92100200
92100300
92100400
92100500
92100600
92100700
92100800
92100900
92200000
92200100
92200200
92200300
92200400
92200500
92200600
92200700
92200800
92200900
92300000
92300100
92300200
92300300
92300400
92300500
92300600
92300700
92300800
92300900
92400000
92400100
92400200
92400300
92400400
92400500
92400600
92400700
92400800
92400900
92500000
92500100
92500200
92500300
92500400
92500500
92500600
92500700
92500800
92500900
92600000
92600100
92600200
92600300
92600400
92600500
92600600
92600700
92600800
92600900
92700000
92700100
92700200
92700300
92700400
92700500
92700600
92700700
92700800
92700900
92800000
92800100
92800200
92800300
92800400
92800500
92800600
92800700
92800800
92800900
92900000
92900100
92900200
92900300
92900400
92900500
92900600
92900700
92900800
92900900
93000000
93000100
93000200
93000300
93000400
93000500
93000600
93000700
93000800
93000900
93100000
93100100
93100200
93100300
93100400
93100500
93100600
93100700
93100800
93100900
93200000
93200100
93200200
93200300
93200400
93200500
93200600
93200700
93200800
93200900
93300000
93300100
93300200
93300300
93300400
93300500
93300600
93300700
93300800
93300900
93400000
93400100
93400200
93400300
93400400
93400500
93400600
93400700
93400800
93400900
93500000
93500100
93500200
93500300
93500400
93500500
93500600
93500700
93500800
93500900
93600000
93600100
93600200
93600300
93600400
93600500
93600600
93600700
93600800
93600900
93700000
93700100
93700200
93700300
93700400
93700500
93700600
93700700
93700800
93700900
93800000
93800100
93800200
93800300
93800400
93800500
93800600
93800700
93800800
93800900
93900000
93900100
93900200
93900300
93900400
93900500
93900600
93900700
93900800
93900900
94000000
94000100
94000200
94000300
94000400
94000500
94000600
94000700
94000800
94000900
94100000
94100100
94100200
94100300
94100400
94100500
94100600
94100700
94100800
94100900
94200000
94200100
94200200
94200300
94200400
94200500
94200600
94200700
94200800
94200900
94300000
94300100
94300200
94300300
94300400
94300500
94300600
94300700
94300800
94300900
94400000
94400100
94400200
94400300
94400400
94400500
94400600
94400700
94400800
94400900
94500000
94500100
94500200
94500300
94500400
94500500
94500600
94500700
94500800
94500900
94600000
94600100
94600200
94600300
94600400
94600500
94600600
94600700
94600800
94600900
94700000
94700100
94700200
94700300
94700400
94700500
94700600
94700700
94700800
94700900
94800000
94800100
94800200
94800300
94800400
94800500
94800600
94800700
94800800
94800900
94900000
94900100
94900200
94900300
94900400
94900500
94900600
94900700
94900800
94900900
95000000
95000100
95000200
95000300
95000400
95000500
95000600
95000700
95000800
95000900
95100000
95100100
95100200
95100300
95100400
95100500
95100600
95100700
95100800
95100900
95200000
95200100
95200200
95200300
95200400
95200500
95200600
95200700
95200800
95200900
95300000
95300100
95300200
95300300
95300400
95300500
95300600
95300700
95300800
95300900
95400000
95400100
95400200
95400300
95400400
95400500
95400600
95400700
95400800
95400900
95500000
95500100
95500200
95500300
95500400
95500500
95500600
95500700
95500800
95500900
95600000
95600100
95600200
95600300
95600400
95600500
95600600
95600700
95600800
95600900
95700000
95700100
95700200
95700300
95700400
95700500
95700600
95700700
95700800
95700900
95800000
95800100
95800200
95800300
95800400
95800500
95800600
95800700
95800800
95800900
95900000
95900100
95900200
95900300
95900400
95900500
95900600
95900700
95900800
95900900
96000000
96000100
96000200
96000300
96000400
96000500
96000600
96000700
96000800
96000900
96100000
96100100
96100200
96100300
96100400
96100500
96100600
96100700
96100800
96100900
96200000
96200100
96200200
96200300
96200400
96200500
96200600
96200700
96200800
96200900
96300000
96300100
96300200
96300300
96300400
96300500
96300600
96300700
96300800
96300900
96400000
96400100
96400200
96400300
96400400
96400500
96400600
96400700
96400800
96400900
96500000
96500100
96500200
96500300
96500400
96500500
96500600
96500700
96500800
96500900
96600000
96600100
96600200
96600300
96600400
96600500
96600600
96600700
96600800
96600900
96700000
96700100
96700200
96700300
96700400
96700500
96700600
96700700
96700800
96700900
96800000
96800100
96800200
96800300
96800400
96800500
96800600
96800700
96800800
96800900
96900000
96900100
96900200
96900300
96900400
96900500
96900600
96900700
96900800
96900900
97000000
97000100
97000200
97000300
97000400
97000500
97000600
97000700
97000800
97000900
97100000
97100100
97100200
97100300
97100400
97100500
97100600
97100700
97100800
97100900
97200000
97200100
97200200
97200300
97200400
97200500
97200600
97200700
97200800
97200900
97300000
97300100
97300200
97300300
97300400
97300500
97300600
97300700
97300800
97300900
97400000
97400100
97400200
97400300
97400400
97400500
97400600
97400700
97400800
97400900
97500000
97500100
97500200
97500300
97500400
97500500
97500600
97500700
97500800
97500900
97600000
97600100
97600200
97600300
97600400
97600500
97600600
97600700
97600800
97600900
97700000
97700100
97700200
97700300
97700400
97700500
97700600
97700700
97700800
97700900
97800000
97800100
97800200
97800300
97800400
97800500
97800600
97800700
97800800
97800900
97900000
97900100
97900200
97900300
97900400
97900500
97900600
97900700
97900800
97900900
98000000
98000100
98000200
98000300
98000400
98000500
98000600
98000700
98000800
98000900
98100000
98100100
98100200
98100300
98100400
98100500
98100600
98100700
98100800
98100900
98200000
98200100
98200200
98200300
98200400
98200500
98200600
98200700
98200800
98200900
98300000
98300100
98300200
98300300
98300400
98300500
98300600
98300700
98300800
98300900
98400000
98400100
98400200
98400300
98400400
98400500
98400600
98400700
98400800
98400900
98500000
98500100
98500200
98500300
98500400
98500500
98500600
98500700
98500800
98500900
98600000
98600100
98600200
98600300
98600400
98600500
98600600
98600700
98600800
98600900
98700000
98700100
98700200
98700300
98700400
98700500
98700600
98700700
98700800
98700900
98800000
98800100
98800200
98800300
98800400
98800500
98800600
98800700
98800800
98800900
98900000
98900100
98900200
98900300
98900400
98900500
98900600
98900700
98900800
98900900
99000000
99000100
99000200
99000300
99000400
99000500
99000600
99000700
99000800
99000900
99100000
99100100
99100200
99100300
99100400
99100500
99100600
99100700
99100800
99100900
99200000
99200100
99200200
99200300
99200400
99200500
99200600
99200700
99200800
99200900
99300000
99300100
99300200
99300300
99300400
99300500
99300600
99300700
99300800
99300900
99400000
99400100
99400200
99400300
99400400
99400500
99400600
99400700
99400800
99400900
99500000
99500100
99500200
99500300
99500400
99500500
99500600
99500700
99500800
99500900
99600000
99600100
99600200
99600300
99600400
99600500
99600600
99600700
99600800
99600900
99700000
99700100
99700200
99700300
99700400
99700500
99700600
99700700
99700800
99700900
99800000
99800100
99800200
99800300
99800400
99800500
99800600
99800700
99800800
99800900
99900000
99900100
99900200
99900300
99900400
99900500
99900600
99900700
99900800
99900900
