00000000
00001000
00002000
00003000
00004000
00005000
00006000
00007000
00008000
00009000
10000000
10001000
10002000
10003000
10004000
10005000
10006000
10007000
10008000
10009000
20000000
20001000
20002000
20003000
20004000
20005000
20006000
20007000
20008000
20009000
30000000
30001000
30002000
30003000
30004000
30005000
30006000
30007000
30008000
30009000
40000000
40001000
40002000
40003000
40004000
40005000
40006000
40007000
40008000
40009000
50000000
50001000
50002000
50003000
50004000
50005000
50006000
50007000
50008000
50009000
60000000
60001000
60002000
60003000
60004000
60005000
60006000
60007000
60008000
60009000
70000000
70001000
70002000
70003000
70004000
70005000
70006000
70007000
70008000
70009000
80000000
80001000
80002000
80003000
80004000
80005000
80006000
80007000
80008000
80009000
90000000
90001000
90002000
90003000
90004000
90005000
90006000
90007000
90008000
90009000
