00000000
00000001
00000002
00000003
00000004
00000005
00000006
00000007
00000008
00000009
00000010
00000011
00000012
00000013
00000014
00000015
00000016
00000017
00000018
00000019
00000020
00000021
00000022
00000023
00000024
00000025
00000026
00000027
00000028
00000029
00000030
00000031
00000032
00000033
00000034
00000035
00000036
00000037
00000038
00000039
00000040
00000041
00000042
00000043
00000044
00000045
00000046
00000047
00000048
00000049
00000050
00000051
00000052
00000053
00000054
00000055
00000056
00000057
00000058
00000059
00000060
00000061
00000062
00000063
00000064
00000065
00000066
00000067
00000068
00000069
00000070
00000071
00000072
00000073
00000074
00000075
00000076
00000077
00000078
00000079
00000080
00000081
00000082
00000083
00000084
00000085
00000086
00000087
00000088
00000089
00000090
00000091
00000092
00000093
00000094
00000095
00000096
00000097
00000098
00000099
00010000
00010001
00010002
00010003
00010004
00010005
00010006
00010007
00010008
00010009
00010010
00010011
00010012
00010013
00010014
00010015
00010016
00010017
00010018
00010019
00010020
00010021
00010022
00010023
00010024
00010025
00010026
00010027
00010028
00010029
00010030
00010031
00010032
00010033
00010034
00010035
00010036
00010037
00010038
00010039
00010040
00010041
00010042
00010043
00010044
00010045
00010046
00010047
00010048
00010049
00010050
00010051
00010052
00010053
00010054
00010055
00010056
00010057
00010058
00010059
00010060
00010061
00010062
00010063
00010064
00010065
00010066
00010067
00010068
00010069
00010070
00010071
00010072
00010073
00010074
00010075
00010076
00010077
00010078
00010079
00010080
00010081
00010082
00010083
00010084
00010085
00010086
00010087
00010088
00010089
00010090
00010091
00010092
00010093
00010094
00010095
00010096
00010097
00010098
00010099
00020000
00020001
00020002
00020003
00020004
00020005
00020006
00020007
00020008
00020009
00020010
00020011
00020012
00020013
00020014
00020015
00020016
00020017
00020018
00020019
00020020
00020021
00020022
00020023
00020024
00020025
00020026
00020027
00020028
00020029
00020030
00020031
00020032
00020033
00020034
00020035
00020036
00020037
00020038
00020039
00020040
00020041
00020042
00020043
00020044
00020045
00020046
00020047
00020048
00020049
00020050
00020051
00020052
00020053
00020054
00020055
00020056
00020057
00020058
00020059
00020060
00020061
00020062
00020063
00020064
00020065
00020066
00020067
00020068
00020069
00020070
00020071
00020072
00020073
00020074
00020075
00020076
00020077
00020078
00020079
00020080
00020081
00020082
00020083
00020084
00020085
00020086
00020087
00020088
00020089
00020090
00020091
00020092
00020093
00020094
00020095
00020096
00020097
00020098
00020099
00030000
00030001
00030002
00030003
00030004
00030005
00030006
00030007
00030008
00030009
00030010
00030011
00030012
00030013
00030014
00030015
00030016
00030017
00030018
00030019
00030020
00030021
00030022
00030023
00030024
00030025
00030026
00030027
00030028
00030029
00030030
00030031
00030032
00030033
00030034
00030035
00030036
00030037
00030038
00030039
00030040
00030041
00030042
00030043
00030044
00030045
00030046
00030047
00030048
00030049
00030050
00030051
00030052
00030053
00030054
00030055
00030056
00030057
00030058
00030059
00030060
00030061
00030062
00030063
00030064
00030065
00030066
00030067
00030068
00030069
00030070
00030071
00030072
00030073
00030074
00030075
00030076
00030077
00030078
00030079
00030080
00030081
00030082
00030083
00030084
00030085
00030086
00030087
00030088
00030089
00030090
00030091
00030092
00030093
00030094
00030095
00030096
00030097
00030098
00030099
00040000
00040001
00040002
00040003
00040004
00040005
00040006
00040007
00040008
00040009
00040010
00040011
00040012
00040013
00040014
00040015
00040016
00040017
00040018
00040019
00040020
00040021
00040022
00040023
00040024
00040025
00040026
00040027
00040028
00040029
00040030
00040031
00040032
00040033
00040034
00040035
00040036
00040037
00040038
00040039
00040040
00040041
00040042
00040043
00040044
00040045
00040046
00040047
00040048
00040049
00040050
00040051
00040052
00040053
00040054
00040055
00040056
00040057
00040058
00040059
00040060
00040061
00040062
00040063
00040064
00040065
00040066
00040067
00040068
00040069
00040070
00040071
00040072
00040073
00040074
00040075
00040076
00040077
00040078
00040079
00040080
00040081
00040082
00040083
00040084
00040085
00040086
00040087
00040088
00040089
00040090
00040091
00040092
00040093
00040094
00040095
00040096
00040097
00040098
00040099
00050000
00050001
00050002
00050003
00050004
00050005
00050006
00050007
00050008
00050009
00050010
00050011
00050012
00050013
00050014
00050015
00050016
00050017
00050018
00050019
00050020
00050021
00050022
00050023
00050024
00050025
00050026
00050027
00050028
00050029
00050030
00050031
00050032
00050033
00050034
00050035
00050036
00050037
00050038
00050039
00050040
00050041
00050042
00050043
00050044
00050045
00050046
00050047
00050048
00050049
00050050
00050051
00050052
00050053
00050054
00050055
00050056
00050057
00050058
00050059
00050060
00050061
00050062
00050063
00050064
00050065
00050066
00050067
00050068
00050069
00050070
00050071
00050072
00050073
00050074
00050075
00050076
00050077
00050078
00050079
00050080
00050081
00050082
00050083
00050084
00050085
00050086
00050087
00050088
00050089
00050090
00050091
00050092
00050093
00050094
00050095
00050096
00050097
00050098
00050099
00060000
00060001
00060002
00060003
00060004
00060005
00060006
00060007
00060008
00060009
00060010
00060011
00060012
00060013
00060014
00060015
00060016
00060017
00060018
00060019
00060020
00060021
00060022
00060023
00060024
00060025
00060026
00060027
00060028
00060029
00060030
00060031
00060032
00060033
00060034
00060035
00060036
00060037
00060038
00060039
00060040
00060041
00060042
00060043
00060044
00060045
00060046
00060047
00060048
00060049
00060050
00060051
00060052
00060053
00060054
00060055
00060056
00060057
00060058
00060059
00060060
00060061
00060062
00060063
00060064
00060065
00060066
00060067
00060068
00060069
00060070
00060071
00060072
00060073
00060074
00060075
00060076
00060077
00060078
00060079
00060080
00060081
00060082
00060083
00060084
00060085
00060086
00060087
00060088
00060089
00060090
00060091
00060092
00060093
00060094
00060095
00060096
00060097
00060098
00060099
00070000
00070001
00070002
00070003
00070004
00070005
00070006
00070007
00070008
00070009
00070010
00070011
00070012
00070013
00070014
00070015
00070016
00070017
00070018
00070019
00070020
00070021
00070022
00070023
00070024
00070025
00070026
00070027
00070028
00070029
00070030
00070031
00070032
00070033
00070034
00070035
00070036
00070037
00070038
00070039
00070040
00070041
00070042
00070043
00070044
00070045
00070046
00070047
00070048
00070049
00070050
00070051
00070052
00070053
00070054
00070055
00070056
00070057
00070058
00070059
00070060
00070061
00070062
00070063
00070064
00070065
00070066
00070067
00070068
00070069
00070070
00070071
00070072
00070073
00070074
00070075
00070076
00070077
00070078
00070079
00070080
00070081
00070082
00070083
00070084
00070085
00070086
00070087
00070088
00070089
00070090
00070091
00070092
00070093
00070094
00070095
00070096
00070097
00070098
00070099
00080000
00080001
00080002
00080003
00080004
00080005
00080006
00080007
00080008
00080009
00080010
00080011
00080012
00080013
00080014
00080015
00080016
00080017
00080018
00080019
00080020
00080021
00080022
00080023
00080024
00080025
00080026
00080027
00080028
00080029
00080030
00080031
00080032
00080033
00080034
00080035
00080036
00080037
00080038
00080039
00080040
00080041
00080042
00080043
00080044
00080045
00080046
00080047
00080048
00080049
00080050
00080051
00080052
00080053
00080054
00080055
00080056
00080057
00080058
00080059
00080060
00080061
00080062
00080063
00080064
00080065
00080066
00080067
00080068
00080069
00080070
00080071
00080072
00080073
00080074
00080075
00080076
00080077
00080078
00080079
00080080
00080081
00080082
00080083
00080084
00080085
00080086
00080087
00080088
00080089
00080090
00080091
00080092
00080093
00080094
00080095
00080096
00080097
00080098
00080099
00090000
00090001
00090002
00090003
00090004
00090005
00090006
00090007
00090008
00090009
00090010
00090011
00090012
00090013
00090014
00090015
00090016
00090017
00090018
00090019
00090020
00090021
00090022
00090023
00090024
00090025
00090026
00090027
00090028
00090029
00090030
00090031
00090032
00090033
00090034
00090035
00090036
00090037
00090038
00090039
00090040
00090041
00090042
00090043
00090044
00090045
00090046
00090047
00090048
00090049
00090050
00090051
00090052
00090053
00090054
00090055
00090056
00090057
00090058
00090059
00090060
00090061
00090062
00090063
00090064
00090065
00090066
00090067
00090068
00090069
00090070
00090071
00090072
00090073
00090074
00090075
00090076
00090077
00090078
00090079
00090080
00090081
00090082
00090083
00090084
00090085
00090086
00090087
00090088
00090089
00090090
00090091
00090092
00090093
00090094
00090095
00090096
00090097
00090098
00090099
10000000
10000001
10000002
10000003
10000004
10000005
10000006
10000007
10000008
10000009
10000010
10000011
10000012
10000013
10000014
10000015
10000016
10000017
10000018
10000019
10000020
10000021
10000022
10000023
10000024
10000025
10000026
10000027
10000028
10000029
10000030
10000031
10000032
10000033
10000034
10000035
10000036
10000037
10000038
10000039
10000040
10000041
10000042
10000043
10000044
10000045
10000046
10000047
10000048
10000049
10000050
10000051
10000052
10000053
10000054
10000055
10000056
10000057
10000058
10000059
10000060
10000061
10000062
10000063
10000064
10000065
10000066
10000067
10000068
10000069
10000070
10000071
10000072
10000073
10000074
10000075
10000076
10000077
10000078
10000079
10000080
10000081
10000082
10000083
10000084
10000085
10000086
10000087
10000088
10000089
10000090
10000091
10000092
10000093
10000094
10000095
10000096
10000097
10000098
10000099
10010000
10010001
10010002
10010003
10010004
10010005
10010006
10010007
10010008
10010009
10010010
10010011
10010012
10010013
10010014
10010015
10010016
10010017
10010018
10010019
10010020
10010021
10010022
10010023
10010024
10010025
10010026
10010027
10010028
10010029
10010030
10010031
10010032
10010033
10010034
10010035
10010036
10010037
10010038
10010039
10010040
10010041
10010042
10010043
10010044
10010045
10010046
10010047
10010048
10010049
10010050
10010051
10010052
10010053
10010054
10010055
10010056
10010057
10010058
10010059
10010060
10010061
10010062
10010063
10010064
10010065
10010066
10010067
10010068
10010069
10010070
10010071
10010072
10010073
10010074
10010075
10010076
10010077
10010078
10010079
10010080
10010081
10010082
10010083
10010084
10010085
10010086
10010087
10010088
10010089
10010090
10010091
10010092
10010093
10010094
10010095
10010096
10010097
10010098
10010099
10020000
10020001
10020002
10020003
10020004
10020005
10020006
10020007
10020008
10020009
10020010
10020011
10020012
10020013
10020014
10020015
10020016
10020017
10020018
10020019
10020020
10020021
10020022
10020023
10020024
10020025
10020026
10020027
10020028
10020029
10020030
10020031
10020032
10020033
10020034
10020035
10020036
10020037
10020038
10020039
10020040
10020041
10020042
10020043
10020044
10020045
10020046
10020047
10020048
10020049
10020050
10020051
10020052
10020053
10020054
10020055
10020056
10020057
10020058
10020059
10020060
10020061
10020062
10020063
10020064
10020065
10020066
10020067
10020068
10020069
10020070
10020071
10020072
10020073
10020074
10020075
10020076
10020077
10020078
10020079
10020080
10020081
10020082
10020083
10020084
10020085
10020086
10020087
10020088
10020089
10020090
10020091
10020092
10020093
10020094
10020095
10020096
10020097
10020098
10020099
10030000
10030001
10030002
10030003
10030004
10030005
10030006
10030007
10030008
10030009
10030010
10030011
10030012
10030013
10030014
10030015
10030016
10030017
10030018
10030019
10030020
10030021
10030022
10030023
10030024
10030025
10030026
10030027
10030028
10030029
10030030
10030031
10030032
10030033
10030034
10030035
10030036
10030037
10030038
10030039
10030040
10030041
10030042
10030043
10030044
10030045
10030046
10030047
10030048
10030049
10030050
10030051
10030052
10030053
10030054
10030055
10030056
10030057
10030058
10030059
10030060
10030061
10030062
10030063
10030064
10030065
10030066
10030067
10030068
10030069
10030070
10030071
10030072
10030073
10030074
10030075
10030076
10030077
10030078
10030079
10030080
10030081
10030082
10030083
10030084
10030085
10030086
10030087
10030088
10030089
10030090
10030091
10030092
10030093
10030094
10030095
10030096
10030097
10030098
10030099
10040000
10040001
10040002
10040003
10040004
10040005
10040006
10040007
10040008
10040009
10040010
10040011
10040012
10040013
10040014
10040015
10040016
10040017
10040018
10040019
10040020
10040021
10040022
10040023
10040024
10040025
10040026
10040027
10040028
10040029
10040030
10040031
10040032
10040033
10040034
10040035
10040036
10040037
10040038
10040039
10040040
10040041
10040042
10040043
10040044
10040045
10040046
10040047
10040048
10040049
10040050
10040051
10040052
10040053
10040054
10040055
10040056
10040057
10040058
10040059
10040060
10040061
10040062
10040063
10040064
10040065
10040066
10040067
10040068
10040069
10040070
10040071
10040072
10040073
10040074
10040075
10040076
10040077
10040078
10040079
10040080
10040081
10040082
10040083
10040084
10040085
10040086
10040087
10040088
10040089
10040090
10040091
10040092
10040093
10040094
10040095
10040096
10040097
10040098
10040099
10050000
10050001
10050002
10050003
10050004
10050005
10050006
10050007
10050008
10050009
10050010
10050011
10050012
10050013
10050014
10050015
10050016
10050017
10050018
10050019
10050020
10050021
10050022
10050023
10050024
10050025
10050026
10050027
10050028
10050029
10050030
10050031
10050032
10050033
10050034
10050035
10050036
10050037
10050038
10050039
10050040
10050041
10050042
10050043
10050044
10050045
10050046
10050047
10050048
10050049
10050050
10050051
10050052
10050053
10050054
10050055
10050056
10050057
10050058
10050059
10050060
10050061
10050062
10050063
10050064
10050065
10050066
10050067
10050068
10050069
10050070
10050071
10050072
10050073
10050074
10050075
10050076
10050077
10050078
10050079
10050080
10050081
10050082
10050083
10050084
10050085
10050086
10050087
10050088
10050089
10050090
10050091
10050092
10050093
10050094
10050095
10050096
10050097
10050098
10050099
10060000
10060001
10060002
10060003
10060004
10060005
10060006
10060007
10060008
10060009
10060010
10060011
10060012
10060013
10060014
10060015
10060016
10060017
10060018
10060019
10060020
10060021
10060022
10060023
10060024
10060025
10060026
10060027
10060028
10060029
10060030
10060031
10060032
10060033
10060034
10060035
10060036
10060037
10060038
10060039
10060040
10060041
10060042
10060043
10060044
10060045
10060046
10060047
10060048
10060049
10060050
10060051
10060052
10060053
10060054
10060055
10060056
10060057
10060058
10060059
10060060
10060061
10060062
10060063
10060064
10060065
10060066
10060067
10060068
10060069
10060070
10060071
10060072
10060073
10060074
10060075
10060076
10060077
10060078
10060079
10060080
10060081
10060082
10060083
10060084
10060085
10060086
10060087
10060088
10060089
10060090
10060091
10060092
10060093
10060094
10060095
10060096
10060097
10060098
10060099
10070000
10070001
10070002
10070003
10070004
10070005
10070006
10070007
10070008
10070009
10070010
10070011
10070012
10070013
10070014
10070015
10070016
10070017
10070018
10070019
10070020
10070021
10070022
10070023
10070024
10070025
10070026
10070027
10070028
10070029
10070030
10070031
10070032
10070033
10070034
10070035
10070036
10070037
10070038
10070039
10070040
10070041
10070042
10070043
10070044
10070045
10070046
10070047
10070048
10070049
10070050
10070051
10070052
10070053
10070054
10070055
10070056
10070057
10070058
10070059
10070060
10070061
10070062
10070063
10070064
10070065
10070066
10070067
10070068
10070069
10070070
10070071
10070072
10070073
10070074
10070075
10070076
10070077
10070078
10070079
10070080
10070081
10070082
10070083
10070084
10070085
10070086
10070087
10070088
10070089
10070090
10070091
10070092
10070093
10070094
10070095
10070096
10070097
10070098
10070099
10080000
10080001
10080002
10080003
10080004
10080005
10080006
10080007
10080008
10080009
10080010
10080011
10080012
10080013
10080014
10080015
10080016
10080017
10080018
10080019
10080020
10080021
10080022
10080023
10080024
10080025
10080026
10080027
10080028
10080029
10080030
10080031
10080032
10080033
10080034
10080035
10080036
10080037
10080038
10080039
10080040
10080041
10080042
10080043
10080044
10080045
10080046
10080047
10080048
10080049
10080050
10080051
10080052
10080053
10080054
10080055
10080056
10080057
10080058
10080059
10080060
10080061
10080062
10080063
10080064
10080065
10080066
10080067
10080068
10080069
10080070
10080071
10080072
10080073
10080074
10080075
10080076
10080077
10080078
10080079
10080080
10080081
10080082
10080083
10080084
10080085
10080086
10080087
10080088
10080089
10080090
10080091
10080092
10080093
10080094
10080095
10080096
10080097
10080098
10080099
10090000
10090001
10090002
10090003
10090004
10090005
10090006
10090007
10090008
10090009
10090010
10090011
10090012
10090013
10090014
10090015
10090016
10090017
10090018
10090019
10090020
10090021
10090022
10090023
10090024
10090025
10090026
10090027
10090028
10090029
10090030
10090031
10090032
10090033
10090034
10090035
10090036
10090037
10090038
10090039
10090040
10090041
10090042
10090043
10090044
10090045
10090046
10090047
10090048
10090049
10090050
10090051
10090052
10090053
10090054
10090055
10090056
10090057
10090058
10090059
10090060
10090061
10090062
10090063
10090064
10090065
10090066
10090067
10090068
10090069
10090070
10090071
10090072
10090073
10090074
10090075
10090076
10090077
10090078
10090079
10090080
10090081
10090082
10090083
10090084
10090085
10090086
10090087
10090088
10090089
10090090
10090091
10090092
10090093
10090094
10090095
10090096
10090097
10090098
10090099
20000000
20000001
20000002
20000003
20000004
20000005
20000006
20000007
20000008
20000009
20000010
20000011
20000012
20000013
20000014
20000015
20000016
20000017
20000018
20000019
20000020
20000021
20000022
20000023
20000024
20000025
20000026
20000027
20000028
20000029
20000030
20000031
20000032
20000033
20000034
20000035
20000036
20000037
20000038
20000039
20000040
20000041
20000042
20000043
20000044
20000045
20000046
20000047
20000048
20000049
20000050
20000051
20000052
20000053
20000054
20000055
20000056
20000057
20000058
20000059
20000060
20000061
20000062
20000063
20000064
20000065
20000066
20000067
20000068
20000069
20000070
20000071
20000072
20000073
20000074
20000075
20000076
20000077
20000078
20000079
20000080
20000081
20000082
20000083
20000084
20000085
20000086
20000087
20000088
20000089
20000090
20000091
20000092
20000093
20000094
20000095
20000096
20000097
20000098
20000099
20010000
20010001
20010002
20010003
20010004
20010005
20010006
20010007
20010008
20010009
20010010
20010011
20010012
20010013
20010014
20010015
20010016
20010017
20010018
20010019
20010020
20010021
20010022
20010023
20010024
20010025
20010026
20010027
20010028
20010029
20010030
20010031
20010032
20010033
20010034
20010035
20010036
20010037
20010038
20010039
20010040
20010041
20010042
20010043
20010044
20010045
20010046
20010047
20010048
20010049
20010050
20010051
20010052
20010053
20010054
20010055
20010056
20010057
20010058
20010059
20010060
20010061
20010062
20010063
20010064
20010065
20010066
20010067
20010068
20010069
20010070
20010071
20010072
20010073
20010074
20010075
20010076
20010077
20010078
20010079
20010080
20010081
20010082
20010083
20010084
20010085
20010086
20010087
20010088
20010089
20010090
20010091
20010092
20010093
20010094
20010095
20010096
20010097
20010098
20010099
20020000
20020001
20020002
20020003
20020004
20020005
20020006
20020007
20020008
20020009
20020010
20020011
20020012
20020013
20020014
20020015
20020016
20020017
20020018
20020019
20020020
20020021
20020022
20020023
20020024
20020025
20020026
20020027
20020028
20020029
20020030
20020031
20020032
20020033
20020034
20020035
20020036
20020037
20020038
20020039
20020040
20020041
20020042
20020043
20020044
20020045
20020046
20020047
20020048
20020049
20020050
20020051
20020052
20020053
20020054
20020055
20020056
20020057
20020058
20020059
20020060
20020061
20020062
20020063
20020064
20020065
20020066
20020067
20020068
20020069
20020070
20020071
20020072
20020073
20020074
20020075
20020076
20020077
20020078
20020079
20020080
20020081
20020082
20020083
20020084
20020085
20020086
20020087
20020088
20020089
20020090
20020091
20020092
20020093
20020094
20020095
20020096
20020097
20020098
20020099
20030000
20030001
20030002
20030003
20030004
20030005
20030006
20030007
20030008
20030009
20030010
20030011
20030012
20030013
20030014
20030015
20030016
20030017
20030018
20030019
20030020
20030021
20030022
20030023
20030024
20030025
20030026
20030027
20030028
20030029
20030030
20030031
20030032
20030033
20030034
20030035
20030036
20030037
20030038
20030039
20030040
20030041
20030042
20030043
20030044
20030045
20030046
20030047
20030048
20030049
20030050
20030051
20030052
20030053
20030054
20030055
20030056
20030057
20030058
20030059
20030060
20030061
20030062
20030063
20030064
20030065
20030066
20030067
20030068
20030069
20030070
20030071
20030072
20030073
20030074
20030075
20030076
20030077
20030078
20030079
20030080
20030081
20030082
20030083
20030084
20030085
20030086
20030087
20030088
20030089
20030090
20030091
20030092
20030093
20030094
20030095
20030096
20030097
20030098
20030099
20040000
20040001
20040002
20040003
20040004
20040005
20040006
20040007
20040008
20040009
20040010
20040011
20040012
20040013
20040014
20040015
20040016
20040017
20040018
20040019
20040020
20040021
20040022
20040023
20040024
20040025
20040026
20040027
20040028
20040029
20040030
20040031
20040032
20040033
20040034
20040035
20040036
20040037
20040038
20040039
20040040
20040041
20040042
20040043
20040044
20040045
20040046
20040047
20040048
20040049
20040050
20040051
20040052
20040053
20040054
20040055
20040056
20040057
20040058
20040059
20040060
20040061
20040062
20040063
20040064
20040065
20040066
20040067
20040068
20040069
20040070
20040071
20040072
20040073
20040074
20040075
20040076
20040077
20040078
20040079
20040080
20040081
20040082
20040083
20040084
20040085
20040086
20040087
20040088
20040089
20040090
20040091
20040092
20040093
20040094
20040095
20040096
20040097
20040098
20040099
20050000
20050001
20050002
20050003
20050004
20050005
20050006
20050007
20050008
20050009
20050010
20050011
20050012
20050013
20050014
20050015
20050016
20050017
20050018
20050019
20050020
20050021
20050022
20050023
20050024
20050025
20050026
20050027
20050028
20050029
20050030
20050031
20050032
20050033
20050034
20050035
20050036
20050037
20050038
20050039
20050040
20050041
20050042
20050043
20050044
20050045
20050046
20050047
20050048
20050049
20050050
20050051
20050052
20050053
20050054
20050055
20050056
20050057
20050058
20050059
20050060
20050061
20050062
20050063
20050064
20050065
20050066
20050067
20050068
20050069
20050070
20050071
20050072
20050073
20050074
20050075
20050076
20050077
20050078
20050079
20050080
20050081
20050082
20050083
20050084
20050085
20050086
20050087
20050088
20050089
20050090
20050091
20050092
20050093
20050094
20050095
20050096
20050097
20050098
20050099
20060000
20060001
20060002
20060003
20060004
20060005
20060006
20060007
20060008
20060009
20060010
20060011
20060012
20060013
20060014
20060015
20060016
20060017
20060018
20060019
20060020
20060021
20060022
20060023
20060024
20060025
20060026
20060027
20060028
20060029
20060030
20060031
20060032
20060033
20060034
20060035
20060036
20060037
20060038
20060039
20060040
20060041
20060042
20060043
20060044
20060045
20060046
20060047
20060048
20060049
20060050
20060051
20060052
20060053
20060054
20060055
20060056
20060057
20060058
20060059
20060060
20060061
20060062
20060063
20060064
20060065
20060066
20060067
20060068
20060069
20060070
20060071
20060072
20060073
20060074
20060075
20060076
20060077
20060078
20060079
20060080
20060081
20060082
20060083
20060084
20060085
20060086
20060087
20060088
20060089
20060090
20060091
20060092
20060093
20060094
20060095
20060096
20060097
20060098
20060099
20070000
20070001
20070002
20070003
20070004
20070005
20070006
20070007
20070008
20070009
20070010
20070011
20070012
20070013
20070014
20070015
20070016
20070017
20070018
20070019
20070020
20070021
20070022
20070023
20070024
20070025
20070026
20070027
20070028
20070029
20070030
20070031
20070032
20070033
20070034
20070035
20070036
20070037
20070038
20070039
20070040
20070041
20070042
20070043
20070044
20070045
20070046
20070047
20070048
20070049
20070050
20070051
20070052
20070053
20070054
20070055
20070056
20070057
20070058
20070059
20070060
20070061
20070062
20070063
20070064
20070065
20070066
20070067
20070068
20070069
20070070
20070071
20070072
20070073
20070074
20070075
20070076
20070077
20070078
20070079
20070080
20070081
20070082
20070083
20070084
20070085
20070086
20070087
20070088
20070089
20070090
20070091
20070092
20070093
20070094
20070095
20070096
20070097
20070098
20070099
20080000
20080001
20080002
20080003
20080004
20080005
20080006
20080007
20080008
20080009
20080010
20080011
20080012
20080013
20080014
20080015
20080016
20080017
20080018
20080019
20080020
20080021
20080022
20080023
20080024
20080025
20080026
20080027
20080028
20080029
20080030
20080031
20080032
20080033
20080034
20080035
20080036
20080037
20080038
20080039
20080040
20080041
20080042
20080043
20080044
20080045
20080046
20080047
20080048
20080049
20080050
20080051
20080052
20080053
20080054
20080055
20080056
20080057
20080058
20080059
20080060
20080061
20080062
20080063
20080064
20080065
20080066
20080067
20080068
20080069
20080070
20080071
20080072
20080073
20080074
20080075
20080076
20080077
20080078
20080079
20080080
20080081
20080082
20080083
20080084
20080085
20080086
20080087
20080088
20080089
20080090
20080091
20080092
20080093
20080094
20080095
20080096
20080097
20080098
20080099
20090000
20090001
20090002
20090003
20090004
20090005
20090006
20090007
20090008
20090009
20090010
20090011
20090012
20090013
20090014
20090015
20090016
20090017
20090018
20090019
20090020
20090021
20090022
20090023
20090024
20090025
20090026
20090027
20090028
20090029
20090030
20090031
20090032
20090033
20090034
20090035
20090036
20090037
20090038
20090039
20090040
20090041
20090042
20090043
20090044
20090045
20090046
20090047
20090048
20090049
20090050
20090051
20090052
20090053
20090054
20090055
20090056
20090057
20090058
20090059
20090060
20090061
20090062
20090063
20090064
20090065
20090066
20090067
20090068
20090069
20090070
20090071
20090072
20090073
20090074
20090075
20090076
20090077
20090078
20090079
20090080
20090081
20090082
20090083
20090084
20090085
20090086
20090087
20090088
20090089
20090090
20090091
20090092
20090093
20090094
20090095
20090096
20090097
20090098
20090099
30000000
30000001
30000002
30000003
30000004
30000005
30000006
30000007
30000008
30000009
30000010
30000011
30000012
30000013
30000014
30000015
30000016
30000017
30000018
30000019
30000020
30000021
30000022
30000023
30000024
30000025
30000026
30000027
30000028
30000029
30000030
30000031
30000032
30000033
30000034
30000035
30000036
30000037
30000038
30000039
30000040
30000041
30000042
30000043
30000044
30000045
30000046
30000047
30000048
30000049
30000050
30000051
30000052
30000053
30000054
30000055
30000056
30000057
30000058
30000059
30000060
30000061
30000062
30000063
30000064
30000065
30000066
30000067
30000068
30000069
30000070
30000071
30000072
30000073
30000074
30000075
30000076
30000077
30000078
30000079
30000080
30000081
30000082
30000083
30000084
30000085
30000086
30000087
30000088
30000089
30000090
30000091
30000092
30000093
30000094
30000095
30000096
30000097
30000098
30000099
30010000
30010001
30010002
30010003
30010004
30010005
30010006
30010007
30010008
30010009
30010010
30010011
30010012
30010013
30010014
30010015
30010016
30010017
30010018
30010019
30010020
30010021
30010022
30010023
30010024
30010025
30010026
30010027
30010028
30010029
30010030
30010031
30010032
30010033
30010034
30010035
30010036
30010037
30010038
30010039
30010040
30010041
30010042
30010043
30010044
30010045
30010046
30010047
30010048
30010049
30010050
30010051
30010052
30010053
30010054
30010055
30010056
30010057
30010058
30010059
30010060
30010061
30010062
30010063
30010064
30010065
30010066
30010067
30010068
30010069
30010070
30010071
30010072
30010073
30010074
30010075
30010076
30010077
30010078
30010079
30010080
30010081
30010082
30010083
30010084
30010085
30010086
30010087
30010088
30010089
30010090
30010091
30010092
30010093
30010094
30010095
30010096
30010097
30010098
30010099
30020000
30020001
30020002
30020003
30020004
30020005
30020006
30020007
30020008
30020009
30020010
30020011
30020012
30020013
30020014
30020015
30020016
30020017
30020018
30020019
30020020
30020021
30020022
30020023
30020024
30020025
30020026
30020027
30020028
30020029
30020030
30020031
30020032
30020033
30020034
30020035
30020036
30020037
30020038
30020039
30020040
30020041
30020042
30020043
30020044
30020045
30020046
30020047
30020048
30020049
30020050
30020051
30020052
30020053
30020054
30020055
30020056
30020057
30020058
30020059
30020060
30020061
30020062
30020063
30020064
30020065
30020066
30020067
30020068
30020069
30020070
30020071
30020072
30020073
30020074
30020075
30020076
30020077
30020078
30020079
30020080
30020081
30020082
30020083
30020084
30020085
30020086
30020087
30020088
30020089
30020090
30020091
30020092
30020093
30020094
30020095
30020096
30020097
30020098
30020099
30030000
30030001
30030002
30030003
30030004
30030005
30030006
30030007
30030008
30030009
30030010
30030011
30030012
30030013
30030014
30030015
30030016
30030017
30030018
30030019
30030020
30030021
30030022
30030023
30030024
30030025
30030026
30030027
30030028
30030029
30030030
30030031
30030032
30030033
30030034
30030035
30030036
30030037
30030038
30030039
30030040
30030041
30030042
30030043
30030044
30030045
30030046
30030047
30030048
30030049
30030050
30030051
30030052
30030053
30030054
30030055
30030056
30030057
30030058
30030059
30030060
30030061
30030062
30030063
30030064
30030065
30030066
30030067
30030068
30030069
30030070
30030071
30030072
30030073
30030074
30030075
30030076
30030077
30030078
30030079
30030080
30030081
30030082
30030083
30030084
30030085
30030086
30030087
30030088
30030089
30030090
30030091
30030092
30030093
30030094
30030095
30030096
30030097
30030098
30030099
30040000
30040001
30040002
30040003
30040004
30040005
30040006
30040007
30040008
30040009
30040010
30040011
30040012
30040013
30040014
30040015
30040016
30040017
30040018
30040019
30040020
30040021
30040022
30040023
30040024
30040025
30040026
30040027
30040028
30040029
30040030
30040031
30040032
30040033
30040034
30040035
30040036
30040037
30040038
30040039
30040040
30040041
30040042
30040043
30040044
30040045
30040046
30040047
30040048
30040049
30040050
30040051
30040052
30040053
30040054
30040055
30040056
30040057
30040058
30040059
30040060
30040061
30040062
30040063
30040064
30040065
30040066
30040067
30040068
30040069
30040070
30040071
30040072
30040073
30040074
30040075
30040076
30040077
30040078
30040079
30040080
30040081
30040082
30040083
30040084
30040085
30040086
30040087
30040088
30040089
30040090
30040091
30040092
30040093
30040094
30040095
30040096
30040097
30040098
30040099
30050000
30050001
30050002
30050003
30050004
30050005
30050006
30050007
30050008
30050009
30050010
30050011
30050012
30050013
30050014
30050015
30050016
30050017
30050018
30050019
30050020
30050021
30050022
30050023
30050024
30050025
30050026
30050027
30050028
30050029
30050030
30050031
30050032
30050033
30050034
30050035
30050036
30050037
30050038
30050039
30050040
30050041
30050042
30050043
30050044
30050045
30050046
30050047
30050048
30050049
30050050
30050051
30050052
30050053
30050054
30050055
30050056
30050057
30050058
30050059
30050060
30050061
30050062
30050063
30050064
30050065
30050066
30050067
30050068
30050069
30050070
30050071
30050072
30050073
30050074
30050075
30050076
30050077
30050078
30050079
30050080
30050081
30050082
30050083
30050084
30050085
30050086
30050087
30050088
30050089
30050090
30050091
30050092
30050093
30050094
30050095
30050096
30050097
30050098
30050099
30060000
30060001
30060002
30060003
30060004
30060005
30060006
30060007
30060008
30060009
30060010
30060011
30060012
30060013
30060014
30060015
30060016
30060017
30060018
30060019
30060020
30060021
30060022
30060023
30060024
30060025
30060026
30060027
30060028
30060029
30060030
30060031
30060032
30060033
30060034
30060035
30060036
30060037
30060038
30060039
30060040
30060041
30060042
30060043
30060044
30060045
30060046
30060047
30060048
30060049
30060050
30060051
30060052
30060053
30060054
30060055
30060056
30060057
30060058
30060059
30060060
30060061
30060062
30060063
30060064
30060065
30060066
30060067
30060068
30060069
30060070
30060071
30060072
30060073
30060074
30060075
30060076
30060077
30060078
30060079
30060080
30060081
30060082
30060083
30060084
30060085
30060086
30060087
30060088
30060089
30060090
30060091
30060092
30060093
30060094
30060095
30060096
30060097
30060098
30060099
30070000
30070001
30070002
30070003
30070004
30070005
30070006
30070007
30070008
30070009
30070010
30070011
30070012
30070013
30070014
30070015
30070016
30070017
30070018
30070019
30070020
30070021
30070022
30070023
30070024
30070025
30070026
30070027
30070028
30070029
30070030
30070031
30070032
30070033
30070034
30070035
30070036
30070037
30070038
30070039
30070040
30070041
30070042
30070043
30070044
30070045
30070046
30070047
30070048
30070049
30070050
30070051
30070052
30070053
30070054
30070055
30070056
30070057
30070058
30070059
30070060
30070061
30070062
30070063
30070064
30070065
30070066
30070067
30070068
30070069
30070070
30070071
30070072
30070073
30070074
30070075
30070076
30070077
30070078
30070079
30070080
30070081
30070082
30070083
30070084
30070085
30070086
30070087
30070088
30070089
30070090
30070091
30070092
30070093
30070094
30070095
30070096
30070097
30070098
30070099
30080000
30080001
30080002
30080003
30080004
30080005
30080006
30080007
30080008
30080009
30080010
30080011
30080012
30080013
30080014
30080015
30080016
30080017
30080018
30080019
30080020
30080021
30080022
30080023
30080024
30080025
30080026
30080027
30080028
30080029
30080030
30080031
30080032
30080033
30080034
30080035
30080036
30080037
30080038
30080039
30080040
30080041
30080042
30080043
30080044
30080045
30080046
30080047
30080048
30080049
30080050
30080051
30080052
30080053
30080054
30080055
30080056
30080057
30080058
30080059
30080060
30080061
30080062
30080063
30080064
30080065
30080066
30080067
30080068
30080069
30080070
30080071
30080072
30080073
30080074
30080075
30080076
30080077
30080078
30080079
30080080
30080081
30080082
30080083
30080084
30080085
30080086
30080087
30080088
30080089
30080090
30080091
30080092
30080093
30080094
30080095
30080096
30080097
30080098
30080099
30090000
30090001
30090002
30090003
30090004
30090005
30090006
30090007
30090008
30090009
30090010
30090011
30090012
30090013
30090014
30090015
30090016
30090017
30090018
30090019
30090020
30090021
30090022
30090023
30090024
30090025
30090026
30090027
30090028
30090029
30090030
30090031
30090032
30090033
30090034
30090035
30090036
30090037
30090038
30090039
30090040
30090041
30090042
30090043
30090044
30090045
30090046
30090047
30090048
30090049
30090050
30090051
30090052
30090053
30090054
30090055
30090056
30090057
30090058
30090059
30090060
30090061
30090062
30090063
30090064
30090065
30090066
30090067
30090068
30090069
30090070
30090071
30090072
30090073
30090074
30090075
30090076
30090077
30090078
30090079
30090080
30090081
30090082
30090083
30090084
30090085
30090086
30090087
30090088
30090089
30090090
30090091
30090092
30090093
30090094
30090095
30090096
30090097
30090098
30090099
40000000
40000001
40000002
40000003
40000004
40000005
40000006
40000007
40000008
40000009
40000010
40000011
40000012
40000013
40000014
40000015
40000016
40000017
40000018
40000019
40000020
40000021
40000022
40000023
40000024
40000025
40000026
40000027
40000028
40000029
40000030
40000031
40000032
40000033
40000034
40000035
40000036
40000037
40000038
40000039
40000040
40000041
40000042
40000043
40000044
40000045
40000046
40000047
40000048
40000049
40000050
40000051
40000052
40000053
40000054
40000055
40000056
40000057
40000058
40000059
40000060
40000061
40000062
40000063
40000064
40000065
40000066
40000067
40000068
40000069
40000070
40000071
40000072
40000073
40000074
40000075
40000076
40000077
40000078
40000079
40000080
40000081
40000082
40000083
40000084
40000085
40000086
40000087
40000088
40000089
40000090
40000091
40000092
40000093
40000094
40000095
40000096
40000097
40000098
40000099
40010000
40010001
40010002
40010003
40010004
40010005
40010006
40010007
40010008
40010009
40010010
40010011
40010012
40010013
40010014
40010015
40010016
40010017
40010018
40010019
40010020
40010021
40010022
40010023
40010024
40010025
40010026
40010027
40010028
40010029
40010030
40010031
40010032
40010033
40010034
40010035
40010036
40010037
40010038
40010039
40010040
40010041
40010042
40010043
40010044
40010045
40010046
40010047
40010048
40010049
40010050
40010051
40010052
40010053
40010054
40010055
40010056
40010057
40010058
40010059
40010060
40010061
40010062
40010063
40010064
40010065
40010066
40010067
40010068
40010069
40010070
40010071
40010072
40010073
40010074
40010075
40010076
40010077
40010078
40010079
40010080
40010081
40010082
40010083
40010084
40010085
40010086
40010087
40010088
40010089
40010090
40010091
40010092
40010093
40010094
40010095
40010096
40010097
40010098
40010099
40020000
40020001
40020002
40020003
40020004
40020005
40020006
40020007
40020008
40020009
40020010
40020011
40020012
40020013
40020014
40020015
40020016
40020017
40020018
40020019
40020020
40020021
40020022
40020023
40020024
40020025
40020026
40020027
40020028
40020029
40020030
40020031
40020032
40020033
40020034
40020035
40020036
40020037
40020038
40020039
40020040
40020041
40020042
40020043
40020044
40020045
40020046
40020047
40020048
40020049
40020050
40020051
40020052
40020053
40020054
40020055
40020056
40020057
40020058
40020059
40020060
40020061
40020062
40020063
40020064
40020065
40020066
40020067
40020068
40020069
40020070
40020071
40020072
40020073
40020074
40020075
40020076
40020077
40020078
40020079
40020080
40020081
40020082
40020083
40020084
40020085
40020086
40020087
40020088
40020089
40020090
40020091
40020092
40020093
40020094
40020095
40020096
40020097
40020098
40020099
40030000
40030001
40030002
40030003
40030004
40030005
40030006
40030007
40030008
40030009
40030010
40030011
40030012
40030013
40030014
40030015
40030016
40030017
40030018
40030019
40030020
40030021
40030022
40030023
40030024
40030025
40030026
40030027
40030028
40030029
40030030
40030031
40030032
40030033
40030034
40030035
40030036
40030037
40030038
40030039
40030040
40030041
40030042
40030043
40030044
40030045
40030046
40030047
40030048
40030049
40030050
40030051
40030052
40030053
40030054
40030055
40030056
40030057
40030058
40030059
40030060
40030061
40030062
40030063
40030064
40030065
40030066
40030067
40030068
40030069
40030070
40030071
40030072
40030073
40030074
40030075
40030076
40030077
40030078
40030079
40030080
40030081
40030082
40030083
40030084
40030085
40030086
40030087
40030088
40030089
40030090
40030091
40030092
40030093
40030094
40030095
40030096
40030097
40030098
40030099
40040000
40040001
40040002
40040003
40040004
40040005
40040006
40040007
40040008
40040009
40040010
40040011
40040012
40040013
40040014
40040015
40040016
40040017
40040018
40040019
40040020
40040021
40040022
40040023
40040024
40040025
40040026
40040027
40040028
40040029
40040030
40040031
40040032
40040033
40040034
40040035
40040036
40040037
40040038
40040039
40040040
40040041
40040042
40040043
40040044
40040045
40040046
40040047
40040048
40040049
40040050
40040051
40040052
40040053
40040054
40040055
40040056
40040057
40040058
40040059
40040060
40040061
40040062
40040063
40040064
40040065
40040066
40040067
40040068
40040069
40040070
40040071
40040072
40040073
40040074
40040075
40040076
40040077
40040078
40040079
40040080
40040081
40040082
40040083
40040084
40040085
40040086
40040087
40040088
40040089
40040090
40040091
40040092
40040093
40040094
40040095
40040096
40040097
40040098
40040099
40050000
40050001
40050002
40050003
40050004
40050005
40050006
40050007
40050008
40050009
40050010
40050011
40050012
40050013
40050014
40050015
40050016
40050017
40050018
40050019
40050020
40050021
40050022
40050023
40050024
40050025
40050026
40050027
40050028
40050029
40050030
40050031
40050032
40050033
40050034
40050035
40050036
40050037
40050038
40050039
40050040
40050041
40050042
40050043
40050044
40050045
40050046
40050047
40050048
40050049
40050050
40050051
40050052
40050053
40050054
40050055
40050056
40050057
40050058
40050059
40050060
40050061
40050062
40050063
40050064
40050065
40050066
40050067
40050068
40050069
40050070
40050071
40050072
40050073
40050074
40050075
40050076
40050077
40050078
40050079
40050080
40050081
40050082
40050083
40050084
40050085
40050086
40050087
40050088
40050089
40050090
40050091
40050092
40050093
40050094
40050095
40050096
40050097
40050098
40050099
40060000
40060001
40060002
40060003
40060004
40060005
40060006
40060007
40060008
40060009
40060010
40060011
40060012
40060013
40060014
40060015
40060016
40060017
40060018
40060019
40060020
40060021
40060022
40060023
40060024
40060025
40060026
40060027
40060028
40060029
40060030
40060031
40060032
40060033
40060034
40060035
40060036
40060037
40060038
40060039
40060040
40060041
40060042
40060043
40060044
40060045
40060046
40060047
40060048
40060049
40060050
40060051
40060052
40060053
40060054
40060055
40060056
40060057
40060058
40060059
40060060
40060061
40060062
40060063
40060064
40060065
40060066
40060067
40060068
40060069
40060070
40060071
40060072
40060073
40060074
40060075
40060076
40060077
40060078
40060079
40060080
40060081
40060082
40060083
40060084
40060085
40060086
40060087
40060088
40060089
40060090
40060091
40060092
40060093
40060094
40060095
40060096
40060097
40060098
40060099
40070000
40070001
40070002
40070003
40070004
40070005
40070006
40070007
40070008
40070009
40070010
40070011
40070012
40070013
40070014
40070015
40070016
40070017
40070018
40070019
40070020
40070021
40070022
40070023
40070024
40070025
40070026
40070027
40070028
40070029
40070030
40070031
40070032
40070033
40070034
40070035
40070036
40070037
40070038
40070039
40070040
40070041
40070042
40070043
40070044
40070045
40070046
40070047
40070048
40070049
40070050
40070051
40070052
40070053
40070054
40070055
40070056
40070057
40070058
40070059
40070060
40070061
40070062
40070063
40070064
40070065
40070066
40070067
40070068
40070069
40070070
40070071
40070072
40070073
40070074
40070075
40070076
40070077
40070078
40070079
40070080
40070081
40070082
40070083
40070084
40070085
40070086
40070087
40070088
40070089
40070090
40070091
40070092
40070093
40070094
40070095
40070096
40070097
40070098
40070099
40080000
40080001
40080002
40080003
40080004
40080005
40080006
40080007
40080008
40080009
40080010
40080011
40080012
40080013
40080014
40080015
40080016
40080017
40080018
40080019
40080020
40080021
40080022
40080023
40080024
40080025
40080026
40080027
40080028
40080029
40080030
40080031
40080032
40080033
40080034
40080035
40080036
40080037
40080038
40080039
40080040
40080041
40080042
40080043
40080044
40080045
40080046
40080047
40080048
40080049
40080050
40080051
40080052
40080053
40080054
40080055
40080056
40080057
40080058
40080059
40080060
40080061
40080062
40080063
40080064
40080065
40080066
40080067
40080068
40080069
40080070
40080071
40080072
40080073
40080074
40080075
40080076
40080077
40080078
40080079
40080080
40080081
40080082
40080083
40080084
40080085
40080086
40080087
40080088
40080089
40080090
40080091
40080092
40080093
40080094
40080095
40080096
40080097
40080098
40080099
40090000
40090001
40090002
40090003
40090004
40090005
40090006
40090007
40090008
40090009
40090010
40090011
40090012
40090013
40090014
40090015
40090016
40090017
40090018
40090019
40090020
40090021
40090022
40090023
40090024
40090025
40090026
40090027
40090028
40090029
40090030
40090031
40090032
40090033
40090034
40090035
40090036
40090037
40090038
40090039
40090040
40090041
40090042
40090043
40090044
40090045
40090046
40090047
40090048
40090049
40090050
40090051
40090052
40090053
40090054
40090055
40090056
40090057
40090058
40090059
40090060
40090061
40090062
40090063
40090064
40090065
40090066
40090067
40090068
40090069
40090070
40090071
40090072
40090073
40090074
40090075
40090076
40090077
40090078
40090079
40090080
40090081
40090082
40090083
40090084
40090085
40090086
40090087
40090088
40090089
40090090
40090091
40090092
40090093
40090094
40090095
40090096
40090097
40090098
40090099
50000000
50000001
50000002
50000003
50000004
50000005
50000006
50000007
50000008
50000009
50000010
50000011
50000012
50000013
50000014
50000015
50000016
50000017
50000018
50000019
50000020
50000021
50000022
50000023
50000024
50000025
50000026
50000027
50000028
50000029
50000030
50000031
50000032
50000033
50000034
50000035
50000036
50000037
50000038
50000039
50000040
50000041
50000042
50000043
50000044
50000045
50000046
50000047
50000048
50000049
50000050
50000051
50000052
50000053
50000054
50000055
50000056
50000057
50000058
50000059
50000060
50000061
50000062
50000063
50000064
50000065
50000066
50000067
50000068
50000069
50000070
50000071
50000072
50000073
50000074
50000075
50000076
50000077
50000078
50000079
50000080
50000081
50000082
50000083
50000084
50000085
50000086
50000087
50000088
50000089
50000090
50000091
50000092
50000093
50000094
50000095
50000096
50000097
50000098
50000099
50010000
50010001
50010002
50010003
50010004
50010005
50010006
50010007
50010008
50010009
50010010
50010011
50010012
50010013
50010014
50010015
50010016
50010017
50010018
50010019
50010020
50010021
50010022
50010023
50010024
50010025
50010026
50010027
50010028
50010029
50010030
50010031
50010032
50010033
50010034
50010035
50010036
50010037
50010038
50010039
50010040
50010041
50010042
50010043
50010044
50010045
50010046
50010047
50010048
50010049
50010050
50010051
50010052
50010053
50010054
50010055
50010056
50010057
50010058
50010059
50010060
50010061
50010062
50010063
50010064
50010065
50010066
50010067
50010068
50010069
50010070
50010071
50010072
50010073
50010074
50010075
50010076
50010077
50010078
50010079
50010080
50010081
50010082
50010083
50010084
50010085
50010086
50010087
50010088
50010089
50010090
50010091
50010092
50010093
50010094
50010095
50010096
50010097
50010098
50010099
50020000
50020001
50020002
50020003
50020004
50020005
50020006
50020007
50020008
50020009
50020010
50020011
50020012
50020013
50020014
50020015
50020016
50020017
50020018
50020019
50020020
50020021
50020022
50020023
50020024
50020025
50020026
50020027
50020028
50020029
50020030
50020031
50020032
50020033
50020034
50020035
50020036
50020037
50020038
50020039
50020040
50020041
50020042
50020043
50020044
50020045
50020046
50020047
50020048
50020049
50020050
50020051
50020052
50020053
50020054
50020055
50020056
50020057
50020058
50020059
50020060
50020061
50020062
50020063
50020064
50020065
50020066
50020067
50020068
50020069
50020070
50020071
50020072
50020073
50020074
50020075
50020076
50020077
50020078
50020079
50020080
50020081
50020082
50020083
50020084
50020085
50020086
50020087
50020088
50020089
50020090
50020091
50020092
50020093
50020094
50020095
50020096
50020097
50020098
50020099
50030000
50030001
50030002
50030003
50030004
50030005
50030006
50030007
50030008
50030009
50030010
50030011
50030012
50030013
50030014
50030015
50030016
50030017
50030018
50030019
50030020
50030021
50030022
50030023
50030024
50030025
50030026
50030027
50030028
50030029
50030030
50030031
50030032
50030033
50030034
50030035
50030036
50030037
50030038
50030039
50030040
50030041
50030042
50030043
50030044
50030045
50030046
50030047
50030048
50030049
50030050
50030051
50030052
50030053
50030054
50030055
50030056
50030057
50030058
50030059
50030060
50030061
50030062
50030063
50030064
50030065
50030066
50030067
50030068
50030069
50030070
50030071
50030072
50030073
50030074
50030075
50030076
50030077
50030078
50030079
50030080
50030081
50030082
50030083
50030084
50030085
50030086
50030087
50030088
50030089
50030090
50030091
50030092
50030093
50030094
50030095
50030096
50030097
50030098
50030099
50040000
50040001
50040002
50040003
50040004
50040005
50040006
50040007
50040008
50040009
50040010
50040011
50040012
50040013
50040014
50040015
50040016
50040017
50040018
50040019
50040020
50040021
50040022
50040023
50040024
50040025
50040026
50040027
50040028
50040029
50040030
50040031
50040032
50040033
50040034
50040035
50040036
50040037
50040038
50040039
50040040
50040041
50040042
50040043
50040044
50040045
50040046
50040047
50040048
50040049
50040050
50040051
50040052
50040053
50040054
50040055
50040056
50040057
50040058
50040059
50040060
50040061
50040062
50040063
50040064
50040065
50040066
50040067
50040068
50040069
50040070
50040071
50040072
50040073
50040074
50040075
50040076
50040077
50040078
50040079
50040080
50040081
50040082
50040083
50040084
50040085
50040086
50040087
50040088
50040089
50040090
50040091
50040092
50040093
50040094
50040095
50040096
50040097
50040098
50040099
50050000
50050001
50050002
50050003
50050004
50050005
50050006
50050007
50050008
50050009
50050010
50050011
50050012
50050013
50050014
50050015
50050016
50050017
50050018
50050019
50050020
50050021
50050022
50050023
50050024
50050025
50050026
50050027
50050028
50050029
50050030
50050031
50050032
50050033
50050034
50050035
50050036
50050037
50050038
50050039
50050040
50050041
50050042
50050043
50050044
50050045
50050046
50050047
50050048
50050049
50050050
50050051
50050052
50050053
50050054
50050055
50050056
50050057
50050058
50050059
50050060
50050061
50050062
50050063
50050064
50050065
50050066
50050067
50050068
50050069
50050070
50050071
50050072
50050073
50050074
50050075
50050076
50050077
50050078
50050079
50050080
50050081
50050082
50050083
50050084
50050085
50050086
50050087
50050088
50050089
50050090
50050091
50050092
50050093
50050094
50050095
50050096
50050097
50050098
50050099
50060000
50060001
50060002
50060003
50060004
50060005
50060006
50060007
50060008
50060009
50060010
50060011
50060012
50060013
50060014
50060015
50060016
50060017
50060018
50060019
50060020
50060021
50060022
50060023
50060024
50060025
50060026
50060027
50060028
50060029
50060030
50060031
50060032
50060033
50060034
50060035
50060036
50060037
50060038
50060039
50060040
50060041
50060042
50060043
50060044
50060045
50060046
50060047
50060048
50060049
50060050
50060051
50060052
50060053
50060054
50060055
50060056
50060057
50060058
50060059
50060060
50060061
50060062
50060063
50060064
50060065
50060066
50060067
50060068
50060069
50060070
50060071
50060072
50060073
50060074
50060075
50060076
50060077
50060078
50060079
50060080
50060081
50060082
50060083
50060084
50060085
50060086
50060087
50060088
50060089
50060090
50060091
50060092
50060093
50060094
50060095
50060096
50060097
50060098
50060099
50070000
50070001
50070002
50070003
50070004
50070005
50070006
50070007
50070008
50070009
50070010
50070011
50070012
50070013
50070014
50070015
50070016
50070017
50070018
50070019
50070020
50070021
50070022
50070023
50070024
50070025
50070026
50070027
50070028
50070029
50070030
50070031
50070032
50070033
50070034
50070035
50070036
50070037
50070038
50070039
50070040
50070041
50070042
50070043
50070044
50070045
50070046
50070047
50070048
50070049
50070050
50070051
50070052
50070053
50070054
50070055
50070056
50070057
50070058
50070059
50070060
50070061
50070062
50070063
50070064
50070065
50070066
50070067
50070068
50070069
50070070
50070071
50070072
50070073
50070074
50070075
50070076
50070077
50070078
50070079
50070080
50070081
50070082
50070083
50070084
50070085
50070086
50070087
50070088
50070089
50070090
50070091
50070092
50070093
50070094
50070095
50070096
50070097
50070098
50070099
50080000
50080001
50080002
50080003
50080004
50080005
50080006
50080007
50080008
50080009
50080010
50080011
50080012
50080013
50080014
50080015
50080016
50080017
50080018
50080019
50080020
50080021
50080022
50080023
50080024
50080025
50080026
50080027
50080028
50080029
50080030
50080031
50080032
50080033
50080034
50080035
50080036
50080037
50080038
50080039
50080040
50080041
50080042
50080043
50080044
50080045
50080046
50080047
50080048
50080049
50080050
50080051
50080052
50080053
50080054
50080055
50080056
50080057
50080058
50080059
50080060
50080061
50080062
50080063
50080064
50080065
50080066
50080067
50080068
50080069
50080070
50080071
50080072
50080073
50080074
50080075
50080076
50080077
50080078
50080079
50080080
50080081
50080082
50080083
50080084
50080085
50080086
50080087
50080088
50080089
50080090
50080091
50080092
50080093
50080094
50080095
50080096
50080097
50080098
50080099
50090000
50090001
50090002
50090003
50090004
50090005
50090006
50090007
50090008
50090009
50090010
50090011
50090012
50090013
50090014
50090015
50090016
50090017
50090018
50090019
50090020
50090021
50090022
50090023
50090024
50090025
50090026
50090027
50090028
50090029
50090030
50090031
50090032
50090033
50090034
50090035
50090036
50090037
50090038
50090039
50090040
50090041
50090042
50090043
50090044
50090045
50090046
50090047
50090048
50090049
50090050
50090051
50090052
50090053
50090054
50090055
50090056
50090057
50090058
50090059
50090060
50090061
50090062
50090063
50090064
50090065
50090066
50090067
50090068
50090069
50090070
50090071
50090072
50090073
50090074
50090075
50090076
50090077
50090078
50090079
50090080
50090081
50090082
50090083
50090084
50090085
50090086
50090087
50090088
50090089
50090090
50090091
50090092
50090093
50090094
50090095
50090096
50090097
50090098
50090099
60000000
60000001
60000002
60000003
60000004
60000005
60000006
60000007
60000008
60000009
60000010
60000011
60000012
60000013
60000014
60000015
60000016
60000017
60000018
60000019
60000020
60000021
60000022
60000023
60000024
60000025
60000026
60000027
60000028
60000029
60000030
60000031
60000032
60000033
60000034
60000035
60000036
60000037
60000038
60000039
60000040
60000041
60000042
60000043
60000044
60000045
60000046
60000047
60000048
60000049
60000050
60000051
60000052
60000053
60000054
60000055
60000056
60000057
60000058
60000059
60000060
60000061
60000062
60000063
60000064
60000065
60000066
60000067
60000068
60000069
60000070
60000071
60000072
60000073
60000074
60000075
60000076
60000077
60000078
60000079
60000080
60000081
60000082
60000083
60000084
60000085
60000086
60000087
60000088
60000089
60000090
60000091
60000092
60000093
60000094
60000095
60000096
60000097
60000098
60000099
60010000
60010001
60010002
60010003
60010004
60010005
60010006
60010007
60010008
60010009
60010010
60010011
60010012
60010013
60010014
60010015
60010016
60010017
60010018
60010019
60010020
60010021
60010022
60010023
60010024
60010025
60010026
60010027
60010028
60010029
60010030
60010031
60010032
60010033
60010034
60010035
60010036
60010037
60010038
60010039
60010040
60010041
60010042
60010043
60010044
60010045
60010046
60010047
60010048
60010049
60010050
60010051
60010052
60010053
60010054
60010055
60010056
60010057
60010058
60010059
60010060
60010061
60010062
60010063
60010064
60010065
60010066
60010067
60010068
60010069
60010070
60010071
60010072
60010073
60010074
60010075
60010076
60010077
60010078
60010079
60010080
60010081
60010082
60010083
60010084
60010085
60010086
60010087
60010088
60010089
60010090
60010091
60010092
60010093
60010094
60010095
60010096
60010097
60010098
60010099
60020000
60020001
60020002
60020003
60020004
60020005
60020006
60020007
60020008
60020009
60020010
60020011
60020012
60020013
60020014
60020015
60020016
60020017
60020018
60020019
60020020
60020021
60020022
60020023
60020024
60020025
60020026
60020027
60020028
60020029
60020030
60020031
60020032
60020033
60020034
60020035
60020036
60020037
60020038
60020039
60020040
60020041
60020042
60020043
60020044
60020045
60020046
60020047
60020048
60020049
60020050
60020051
60020052
60020053
60020054
60020055
60020056
60020057
60020058
60020059
60020060
60020061
60020062
60020063
60020064
60020065
60020066
60020067
60020068
60020069
60020070
60020071
60020072
60020073
60020074
60020075
60020076
60020077
60020078
60020079
60020080
60020081
60020082
60020083
60020084
60020085
60020086
60020087
60020088
60020089
60020090
60020091
60020092
60020093
60020094
60020095
60020096
60020097
60020098
60020099
60030000
60030001
60030002
60030003
60030004
60030005
60030006
60030007
60030008
60030009
60030010
60030011
60030012
60030013
60030014
60030015
60030016
60030017
60030018
60030019
60030020
60030021
60030022
60030023
60030024
60030025
60030026
60030027
60030028
60030029
60030030
60030031
60030032
60030033
60030034
60030035
60030036
60030037
60030038
60030039
60030040
60030041
60030042
60030043
60030044
60030045
60030046
60030047
60030048
60030049
60030050
60030051
60030052
60030053
60030054
60030055
60030056
60030057
60030058
60030059
60030060
60030061
60030062
60030063
60030064
60030065
60030066
60030067
60030068
60030069
60030070
60030071
60030072
60030073
60030074
60030075
60030076
60030077
60030078
60030079
60030080
60030081
60030082
60030083
60030084
60030085
60030086
60030087
60030088
60030089
60030090
60030091
60030092
60030093
60030094
60030095
60030096
60030097
60030098
60030099
60040000
60040001
60040002
60040003
60040004
60040005
60040006
60040007
60040008
60040009
60040010
60040011
60040012
60040013
60040014
60040015
60040016
60040017
60040018
60040019
60040020
60040021
60040022
60040023
60040024
60040025
60040026
60040027
60040028
60040029
60040030
60040031
60040032
60040033
60040034
60040035
60040036
60040037
60040038
60040039
60040040
60040041
60040042
60040043
60040044
60040045
60040046
60040047
60040048
60040049
60040050
60040051
60040052
60040053
60040054
60040055
60040056
60040057
60040058
60040059
60040060
60040061
60040062
60040063
60040064
60040065
60040066
60040067
60040068
60040069
60040070
60040071
60040072
60040073
60040074
60040075
60040076
60040077
60040078
60040079
60040080
60040081
60040082
60040083
60040084
60040085
60040086
60040087
60040088
60040089
60040090
60040091
60040092
60040093
60040094
60040095
60040096
60040097
60040098
60040099
60050000
60050001
60050002
60050003
60050004
60050005
60050006
60050007
60050008
60050009
60050010
60050011
60050012
60050013
60050014
60050015
60050016
60050017
60050018
60050019
60050020
60050021
60050022
60050023
60050024
60050025
60050026
60050027
60050028
60050029
60050030
60050031
60050032
60050033
60050034
60050035
60050036
60050037
60050038
60050039
60050040
60050041
60050042
60050043
60050044
60050045
60050046
60050047
60050048
60050049
60050050
60050051
60050052
60050053
60050054
60050055
60050056
60050057
60050058
60050059
60050060
60050061
60050062
60050063
60050064
60050065
60050066
60050067
60050068
60050069
60050070
60050071
60050072
60050073
60050074
60050075
60050076
60050077
60050078
60050079
60050080
60050081
60050082
60050083
60050084
60050085
60050086
60050087
60050088
60050089
60050090
60050091
60050092
60050093
60050094
60050095
60050096
60050097
60050098
60050099
60060000
60060001
60060002
60060003
60060004
60060005
60060006
60060007
60060008
60060009
60060010
60060011
60060012
60060013
60060014
60060015
60060016
60060017
60060018
60060019
60060020
60060021
60060022
60060023
60060024
60060025
60060026
60060027
60060028
60060029
60060030
60060031
60060032
60060033
60060034
60060035
60060036
60060037
60060038
60060039
60060040
60060041
60060042
60060043
60060044
60060045
60060046
60060047
60060048
60060049
60060050
60060051
60060052
60060053
60060054
60060055
60060056
60060057
60060058
60060059
60060060
60060061
60060062
60060063
60060064
60060065
60060066
60060067
60060068
60060069
60060070
60060071
60060072
60060073
60060074
60060075
60060076
60060077
60060078
60060079
60060080
60060081
60060082
60060083
60060084
60060085
60060086
60060087
60060088
60060089
60060090
60060091
60060092
60060093
60060094
60060095
60060096
60060097
60060098
60060099
60070000
60070001
60070002
60070003
60070004
60070005
60070006
60070007
60070008
60070009
60070010
60070011
60070012
60070013
60070014
60070015
60070016
60070017
60070018
60070019
60070020
60070021
60070022
60070023
60070024
60070025
60070026
60070027
60070028
60070029
60070030
60070031
60070032
60070033
60070034
60070035
60070036
60070037
60070038
60070039
60070040
60070041
60070042
60070043
60070044
60070045
60070046
60070047
60070048
60070049
60070050
60070051
60070052
60070053
60070054
60070055
60070056
60070057
60070058
60070059
60070060
60070061
60070062
60070063
60070064
60070065
60070066
60070067
60070068
60070069
60070070
60070071
60070072
60070073
60070074
60070075
60070076
60070077
60070078
60070079
60070080
60070081
60070082
60070083
60070084
60070085
60070086
60070087
60070088
60070089
60070090
60070091
60070092
60070093
60070094
60070095
60070096
60070097
60070098
60070099
60080000
60080001
60080002
60080003
60080004
60080005
60080006
60080007
60080008
60080009
60080010
60080011
60080012
60080013
60080014
60080015
60080016
60080017
60080018
60080019
60080020
60080021
60080022
60080023
60080024
60080025
60080026
60080027
60080028
60080029
60080030
60080031
60080032
60080033
60080034
60080035
60080036
60080037
60080038
60080039
60080040
60080041
60080042
60080043
60080044
60080045
60080046
60080047
60080048
60080049
60080050
60080051
60080052
60080053
60080054
60080055
60080056
60080057
60080058
60080059
60080060
60080061
60080062
60080063
60080064
60080065
60080066
60080067
60080068
60080069
60080070
60080071
60080072
60080073
60080074
60080075
60080076
60080077
60080078
60080079
60080080
60080081
60080082
60080083
60080084
60080085
60080086
60080087
60080088
60080089
60080090
60080091
60080092
60080093
60080094
60080095
60080096
60080097
60080098
60080099
60090000
60090001
60090002
60090003
60090004
60090005
60090006
60090007
60090008
60090009
60090010
60090011
60090012
60090013
60090014
60090015
60090016
60090017
60090018
60090019
60090020
60090021
60090022
60090023
60090024
60090025
60090026
60090027
60090028
60090029
60090030
60090031
60090032
60090033
60090034
60090035
60090036
60090037
60090038
60090039
60090040
60090041
60090042
60090043
60090044
60090045
60090046
60090047
60090048
60090049
60090050
60090051
60090052
60090053
60090054
60090055
60090056
60090057
60090058
60090059
60090060
60090061
60090062
60090063
60090064
60090065
60090066
60090067
60090068
60090069
60090070
60090071
60090072
60090073
60090074
60090075
60090076
60090077
60090078
60090079
60090080
60090081
60090082
60090083
60090084
60090085
60090086
60090087
60090088
60090089
60090090
60090091
60090092
60090093
60090094
60090095
60090096
60090097
60090098
60090099
70000000
70000001
70000002
70000003
70000004
70000005
70000006
70000007
70000008
70000009
70000010
70000011
70000012
70000013
70000014
70000015
70000016
70000017
70000018
70000019
70000020
70000021
70000022
70000023
70000024
70000025
70000026
70000027
70000028
70000029
70000030
70000031
70000032
70000033
70000034
70000035
70000036
70000037
70000038
70000039
70000040
70000041
70000042
70000043
70000044
70000045
70000046
70000047
70000048
70000049
70000050
70000051
70000052
70000053
70000054
70000055
70000056
70000057
70000058
70000059
70000060
70000061
70000062
70000063
70000064
70000065
70000066
70000067
70000068
70000069
70000070
70000071
70000072
70000073
70000074
70000075
70000076
70000077
70000078
70000079
70000080
70000081
70000082
70000083
70000084
70000085
70000086
70000087
70000088
70000089
70000090
70000091
70000092
70000093
70000094
70000095
70000096
70000097
70000098
70000099
70010000
70010001
70010002
70010003
70010004
70010005
70010006
70010007
70010008
70010009
70010010
70010011
70010012
70010013
70010014
70010015
70010016
70010017
70010018
70010019
70010020
70010021
70010022
70010023
70010024
70010025
70010026
70010027
70010028
70010029
70010030
70010031
70010032
70010033
70010034
70010035
70010036
70010037
70010038
70010039
70010040
70010041
70010042
70010043
70010044
70010045
70010046
70010047
70010048
70010049
70010050
70010051
70010052
70010053
70010054
70010055
70010056
70010057
70010058
70010059
70010060
70010061
70010062
70010063
70010064
70010065
70010066
70010067
70010068
70010069
70010070
70010071
70010072
70010073
70010074
70010075
70010076
70010077
70010078
70010079
70010080
70010081
70010082
70010083
70010084
70010085
70010086
70010087
70010088
70010089
70010090
70010091
70010092
70010093
70010094
70010095
70010096
70010097
70010098
70010099
70020000
70020001
70020002
70020003
70020004
70020005
70020006
70020007
70020008
70020009
70020010
70020011
70020012
70020013
70020014
70020015
70020016
70020017
70020018
70020019
70020020
70020021
70020022
70020023
70020024
70020025
70020026
70020027
70020028
70020029
70020030
70020031
70020032
70020033
70020034
70020035
70020036
70020037
70020038
70020039
70020040
70020041
70020042
70020043
70020044
70020045
70020046
70020047
70020048
70020049
70020050
70020051
70020052
70020053
70020054
70020055
70020056
70020057
70020058
70020059
70020060
70020061
70020062
70020063
70020064
70020065
70020066
70020067
70020068
70020069
70020070
70020071
70020072
70020073
70020074
70020075
70020076
70020077
70020078
70020079
70020080
70020081
70020082
70020083
70020084
70020085
70020086
70020087
70020088
70020089
70020090
70020091
70020092
70020093
70020094
70020095
70020096
70020097
70020098
70020099
70030000
70030001
70030002
70030003
70030004
70030005
70030006
70030007
70030008
70030009
70030010
70030011
70030012
70030013
70030014
70030015
70030016
70030017
70030018
70030019
70030020
70030021
70030022
70030023
70030024
70030025
70030026
70030027
70030028
70030029
70030030
70030031
70030032
70030033
70030034
70030035
70030036
70030037
70030038
70030039
70030040
70030041
70030042
70030043
70030044
70030045
70030046
70030047
70030048
70030049
70030050
70030051
70030052
70030053
70030054
70030055
70030056
70030057
70030058
70030059
70030060
70030061
70030062
70030063
70030064
70030065
70030066
70030067
70030068
70030069
70030070
70030071
70030072
70030073
70030074
70030075
70030076
70030077
70030078
70030079
70030080
70030081
70030082
70030083
70030084
70030085
70030086
70030087
70030088
70030089
70030090
70030091
70030092
70030093
70030094
70030095
70030096
70030097
70030098
70030099
70040000
70040001
70040002
70040003
70040004
70040005
70040006
70040007
70040008
70040009
70040010
70040011
70040012
70040013
70040014
70040015
70040016
70040017
70040018
70040019
70040020
70040021
70040022
70040023
70040024
70040025
70040026
70040027
70040028
70040029
70040030
70040031
70040032
70040033
70040034
70040035
70040036
70040037
70040038
70040039
70040040
70040041
70040042
70040043
70040044
70040045
70040046
70040047
70040048
70040049
70040050
70040051
70040052
70040053
70040054
70040055
70040056
70040057
70040058
70040059
70040060
70040061
70040062
70040063
70040064
70040065
70040066
70040067
70040068
70040069
70040070
70040071
70040072
70040073
70040074
70040075
70040076
70040077
70040078
70040079
70040080
70040081
70040082
70040083
70040084
70040085
70040086
70040087
70040088
70040089
70040090
70040091
70040092
70040093
70040094
70040095
70040096
70040097
70040098
70040099
70050000
70050001
70050002
70050003
70050004
70050005
70050006
70050007
70050008
70050009
70050010
70050011
70050012
70050013
70050014
70050015
70050016
70050017
70050018
70050019
70050020
70050021
70050022
70050023
70050024
70050025
70050026
70050027
70050028
70050029
70050030
70050031
70050032
70050033
70050034
70050035
70050036
70050037
70050038
70050039
70050040
70050041
70050042
70050043
70050044
70050045
70050046
70050047
70050048
70050049
70050050
70050051
70050052
70050053
70050054
70050055
70050056
70050057
70050058
70050059
70050060
70050061
70050062
70050063
70050064
70050065
70050066
70050067
70050068
70050069
70050070
70050071
70050072
70050073
70050074
70050075
70050076
70050077
70050078
70050079
70050080
70050081
70050082
70050083
70050084
70050085
70050086
70050087
70050088
70050089
70050090
70050091
70050092
70050093
70050094
70050095
70050096
70050097
70050098
70050099
70060000
70060001
70060002
70060003
70060004
70060005
70060006
70060007
70060008
70060009
70060010
70060011
70060012
70060013
70060014
70060015
70060016
70060017
70060018
70060019
70060020
70060021
70060022
70060023
70060024
70060025
70060026
70060027
70060028
70060029
70060030
70060031
70060032
70060033
70060034
70060035
70060036
70060037
70060038
70060039
70060040
70060041
70060042
70060043
70060044
70060045
70060046
70060047
70060048
70060049
70060050
70060051
70060052
70060053
70060054
70060055
70060056
70060057
70060058
70060059
70060060
70060061
70060062
70060063
70060064
70060065
70060066
70060067
70060068
70060069
70060070
70060071
70060072
70060073
70060074
70060075
70060076
70060077
70060078
70060079
70060080
70060081
70060082
70060083
70060084
70060085
70060086
70060087
70060088
70060089
70060090
70060091
70060092
70060093
70060094
70060095
70060096
70060097
70060098
70060099
70070000
70070001
70070002
70070003
70070004
70070005
70070006
70070007
70070008
70070009
70070010
70070011
70070012
70070013
70070014
70070015
70070016
70070017
70070018
70070019
70070020
70070021
70070022
70070023
70070024
70070025
70070026
70070027
70070028
70070029
70070030
70070031
70070032
70070033
70070034
70070035
70070036
70070037
70070038
70070039
70070040
70070041
70070042
70070043
70070044
70070045
70070046
70070047
70070048
70070049
70070050
70070051
70070052
70070053
70070054
70070055
70070056
70070057
70070058
70070059
70070060
70070061
70070062
70070063
70070064
70070065
70070066
70070067
70070068
70070069
70070070
70070071
70070072
70070073
70070074
70070075
70070076
70070077
70070078
70070079
70070080
70070081
70070082
70070083
70070084
70070085
70070086
70070087
70070088
70070089
70070090
70070091
70070092
70070093
70070094
70070095
70070096
70070097
70070098
70070099
70080000
70080001
70080002
70080003
70080004
70080005
70080006
70080007
70080008
70080009
70080010
70080011
70080012
70080013
70080014
70080015
70080016
70080017
70080018
70080019
70080020
70080021
70080022
70080023
70080024
70080025
70080026
70080027
70080028
70080029
70080030
70080031
70080032
70080033
70080034
70080035
70080036
70080037
70080038
70080039
70080040
70080041
70080042
70080043
70080044
70080045
70080046
70080047
70080048
70080049
70080050
70080051
70080052
70080053
70080054
70080055
70080056
70080057
70080058
70080059
70080060
70080061
70080062
70080063
70080064
70080065
70080066
70080067
70080068
70080069
70080070
70080071
70080072
70080073
70080074
70080075
70080076
70080077
70080078
70080079
70080080
70080081
70080082
70080083
70080084
70080085
70080086
70080087
70080088
70080089
70080090
70080091
70080092
70080093
70080094
70080095
70080096
70080097
70080098
70080099
70090000
70090001
70090002
70090003
70090004
70090005
70090006
70090007
70090008
70090009
70090010
70090011
70090012
70090013
70090014
70090015
70090016
70090017
70090018
70090019
70090020
70090021
70090022
70090023
70090024
70090025
70090026
70090027
70090028
70090029
70090030
70090031
70090032
70090033
70090034
70090035
70090036
70090037
70090038
70090039
70090040
70090041
70090042
70090043
70090044
70090045
70090046
70090047
70090048
70090049
70090050
70090051
70090052
70090053
70090054
70090055
70090056
70090057
70090058
70090059
70090060
70090061
70090062
70090063
70090064
70090065
70090066
70090067
70090068
70090069
70090070
70090071
70090072
70090073
70090074
70090075
70090076
70090077
70090078
70090079
70090080
70090081
70090082
70090083
70090084
70090085
70090086
70090087
70090088
70090089
70090090
70090091
70090092
70090093
70090094
70090095
70090096
70090097
70090098
70090099
80000000
80000001
80000002
80000003
80000004
80000005
80000006
80000007
80000008
80000009
80000010
80000011
80000012
80000013
80000014
80000015
80000016
80000017
80000018
80000019
80000020
80000021
80000022
80000023
80000024
80000025
80000026
80000027
80000028
80000029
80000030
80000031
80000032
80000033
80000034
80000035
80000036
80000037
80000038
80000039
80000040
80000041
80000042
80000043
80000044
80000045
80000046
80000047
80000048
80000049
80000050
80000051
80000052
80000053
80000054
80000055
80000056
80000057
80000058
80000059
80000060
80000061
80000062
80000063
80000064
80000065
80000066
80000067
80000068
80000069
80000070
80000071
80000072
80000073
80000074
80000075
80000076
80000077
80000078
80000079
80000080
80000081
80000082
80000083
80000084
80000085
80000086
80000087
80000088
80000089
80000090
80000091
80000092
80000093
80000094
80000095
80000096
80000097
80000098
80000099
80010000
80010001
80010002
80010003
80010004
80010005
80010006
80010007
80010008
80010009
80010010
80010011
80010012
80010013
80010014
80010015
80010016
80010017
80010018
80010019
80010020
80010021
80010022
80010023
80010024
80010025
80010026
80010027
80010028
80010029
80010030
80010031
80010032
80010033
80010034
80010035
80010036
80010037
80010038
80010039
80010040
80010041
80010042
80010043
80010044
80010045
80010046
80010047
80010048
80010049
80010050
80010051
80010052
80010053
80010054
80010055
80010056
80010057
80010058
80010059
80010060
80010061
80010062
80010063
80010064
80010065
80010066
80010067
80010068
80010069
80010070
80010071
80010072
80010073
80010074
80010075
80010076
80010077
80010078
80010079
80010080
80010081
80010082
80010083
80010084
80010085
80010086
80010087
80010088
80010089
80010090
80010091
80010092
80010093
80010094
80010095
80010096
80010097
80010098
80010099
80020000
80020001
80020002
80020003
80020004
80020005
80020006
80020007
80020008
80020009
80020010
80020011
80020012
80020013
80020014
80020015
80020016
80020017
80020018
80020019
80020020
80020021
80020022
80020023
80020024
80020025
80020026
80020027
80020028
80020029
80020030
80020031
80020032
80020033
80020034
80020035
80020036
80020037
80020038
80020039
80020040
80020041
80020042
80020043
80020044
80020045
80020046
80020047
80020048
80020049
80020050
80020051
80020052
80020053
80020054
80020055
80020056
80020057
80020058
80020059
80020060
80020061
80020062
80020063
80020064
80020065
80020066
80020067
80020068
80020069
80020070
80020071
80020072
80020073
80020074
80020075
80020076
80020077
80020078
80020079
80020080
80020081
80020082
80020083
80020084
80020085
80020086
80020087
80020088
80020089
80020090
80020091
80020092
80020093
80020094
80020095
80020096
80020097
80020098
80020099
80030000
80030001
80030002
80030003
80030004
80030005
80030006
80030007
80030008
80030009
80030010
80030011
80030012
80030013
80030014
80030015
80030016
80030017
80030018
80030019
80030020
80030021
80030022
80030023
80030024
80030025
80030026
80030027
80030028
80030029
80030030
80030031
80030032
80030033
80030034
80030035
80030036
80030037
80030038
80030039
80030040
80030041
80030042
80030043
80030044
80030045
80030046
80030047
80030048
80030049
80030050
80030051
80030052
80030053
80030054
80030055
80030056
80030057
80030058
80030059
80030060
80030061
80030062
80030063
80030064
80030065
80030066
80030067
80030068
80030069
80030070
80030071
80030072
80030073
80030074
80030075
80030076
80030077
80030078
80030079
80030080
80030081
80030082
80030083
80030084
80030085
80030086
80030087
80030088
80030089
80030090
80030091
80030092
80030093
80030094
80030095
80030096
80030097
80030098
80030099
80040000
80040001
80040002
80040003
80040004
80040005
80040006
80040007
80040008
80040009
80040010
80040011
80040012
80040013
80040014
80040015
80040016
80040017
80040018
80040019
80040020
80040021
80040022
80040023
80040024
80040025
80040026
80040027
80040028
80040029
80040030
80040031
80040032
80040033
80040034
80040035
80040036
80040037
80040038
80040039
80040040
80040041
80040042
80040043
80040044
80040045
80040046
80040047
80040048
80040049
80040050
80040051
80040052
80040053
80040054
80040055
80040056
80040057
80040058
80040059
80040060
80040061
80040062
80040063
80040064
80040065
80040066
80040067
80040068
80040069
80040070
80040071
80040072
80040073
80040074
80040075
80040076
80040077
80040078
80040079
80040080
80040081
80040082
80040083
80040084
80040085
80040086
80040087
80040088
80040089
80040090
80040091
80040092
80040093
80040094
80040095
80040096
80040097
80040098
80040099
80050000
80050001
80050002
80050003
80050004
80050005
80050006
80050007
80050008
80050009
80050010
80050011
80050012
80050013
80050014
80050015
80050016
80050017
80050018
80050019
80050020
80050021
80050022
80050023
80050024
80050025
80050026
80050027
80050028
80050029
80050030
80050031
80050032
80050033
80050034
80050035
80050036
80050037
80050038
80050039
80050040
80050041
80050042
80050043
80050044
80050045
80050046
80050047
80050048
80050049
80050050
80050051
80050052
80050053
80050054
80050055
80050056
80050057
80050058
80050059
80050060
80050061
80050062
80050063
80050064
80050065
80050066
80050067
80050068
80050069
80050070
80050071
80050072
80050073
80050074
80050075
80050076
80050077
80050078
80050079
80050080
80050081
80050082
80050083
80050084
80050085
80050086
80050087
80050088
80050089
80050090
80050091
80050092
80050093
80050094
80050095
80050096
80050097
80050098
80050099
80060000
80060001
80060002
80060003
80060004
80060005
80060006
80060007
80060008
80060009
80060010
80060011
80060012
80060013
80060014
80060015
80060016
80060017
80060018
80060019
80060020
80060021
80060022
80060023
80060024
80060025
80060026
80060027
80060028
80060029
80060030
80060031
80060032
80060033
80060034
80060035
80060036
80060037
80060038
80060039
80060040
80060041
80060042
80060043
80060044
80060045
80060046
80060047
80060048
80060049
80060050
80060051
80060052
80060053
80060054
80060055
80060056
80060057
80060058
80060059
80060060
80060061
80060062
80060063
80060064
80060065
80060066
80060067
80060068
80060069
80060070
80060071
80060072
80060073
80060074
80060075
80060076
80060077
80060078
80060079
80060080
80060081
80060082
80060083
80060084
80060085
80060086
80060087
80060088
80060089
80060090
80060091
80060092
80060093
80060094
80060095
80060096
80060097
80060098
80060099
80070000
80070001
80070002
80070003
80070004
80070005
80070006
80070007
80070008
80070009
80070010
80070011
80070012
80070013
80070014
80070015
80070016
80070017
80070018
80070019
80070020
80070021
80070022
80070023
80070024
80070025
80070026
80070027
80070028
80070029
80070030
80070031
80070032
80070033
80070034
80070035
80070036
80070037
80070038
80070039
80070040
80070041
80070042
80070043
80070044
80070045
80070046
80070047
80070048
80070049
80070050
80070051
80070052
80070053
80070054
80070055
80070056
80070057
80070058
80070059
80070060
80070061
80070062
80070063
80070064
80070065
80070066
80070067
80070068
80070069
80070070
80070071
80070072
80070073
80070074
80070075
80070076
80070077
80070078
80070079
80070080
80070081
80070082
80070083
80070084
80070085
80070086
80070087
80070088
80070089
80070090
80070091
80070092
80070093
80070094
80070095
80070096
80070097
80070098
80070099
80080000
80080001
80080002
80080003
80080004
80080005
80080006
80080007
80080008
80080009
80080010
80080011
80080012
80080013
80080014
80080015
80080016
80080017
80080018
80080019
80080020
80080021
80080022
80080023
80080024
80080025
80080026
80080027
80080028
80080029
80080030
80080031
80080032
80080033
80080034
80080035
80080036
80080037
80080038
80080039
80080040
80080041
80080042
80080043
80080044
80080045
80080046
80080047
80080048
80080049
80080050
80080051
80080052
80080053
80080054
80080055
80080056
80080057
80080058
80080059
80080060
80080061
80080062
80080063
80080064
80080065
80080066
80080067
80080068
80080069
80080070
80080071
80080072
80080073
80080074
80080075
80080076
80080077
80080078
80080079
80080080
80080081
80080082
80080083
80080084
80080085
80080086
80080087
80080088
80080089
80080090
80080091
80080092
80080093
80080094
80080095
80080096
80080097
80080098
80080099
80090000
80090001
80090002
80090003
80090004
80090005
80090006
80090007
80090008
80090009
80090010
80090011
80090012
80090013
80090014
80090015
80090016
80090017
80090018
80090019
80090020
80090021
80090022
80090023
80090024
80090025
80090026
80090027
80090028
80090029
80090030
80090031
80090032
80090033
80090034
80090035
80090036
80090037
80090038
80090039
80090040
80090041
80090042
80090043
80090044
80090045
80090046
80090047
80090048
80090049
80090050
80090051
80090052
80090053
80090054
80090055
80090056
80090057
80090058
80090059
80090060
80090061
80090062
80090063
80090064
80090065
80090066
80090067
80090068
80090069
80090070
80090071
80090072
80090073
80090074
80090075
80090076
80090077
80090078
80090079
80090080
80090081
80090082
80090083
80090084
80090085
80090086
80090087
80090088
80090089
80090090
80090091
80090092
80090093
80090094
80090095
80090096
80090097
80090098
80090099
90000000
90000001
90000002
90000003
90000004
90000005
90000006
90000007
90000008
90000009
90000010
90000011
90000012
90000013
90000014
90000015
90000016
90000017
90000018
90000019
90000020
90000021
90000022
90000023
90000024
90000025
90000026
90000027
90000028
90000029
90000030
90000031
90000032
90000033
90000034
90000035
90000036
90000037
90000038
90000039
90000040
90000041
90000042
90000043
90000044
90000045
90000046
90000047
90000048
90000049
90000050
90000051
90000052
90000053
90000054
90000055
90000056
90000057
90000058
90000059
90000060
90000061
90000062
90000063
90000064
90000065
90000066
90000067
90000068
90000069
90000070
90000071
90000072
90000073
90000074
90000075
90000076
90000077
90000078
90000079
90000080
90000081
90000082
90000083
90000084
90000085
90000086
90000087
90000088
90000089
90000090
90000091
90000092
90000093
90000094
90000095
90000096
90000097
90000098
90000099
90010000
90010001
90010002
90010003
90010004
90010005
90010006
90010007
90010008
90010009
90010010
90010011
90010012
90010013
90010014
90010015
90010016
90010017
90010018
90010019
90010020
90010021
90010022
90010023
90010024
90010025
90010026
90010027
90010028
90010029
90010030
90010031
90010032
90010033
90010034
90010035
90010036
90010037
90010038
90010039
90010040
90010041
90010042
90010043
90010044
90010045
90010046
90010047
90010048
90010049
90010050
90010051
90010052
90010053
90010054
90010055
90010056
90010057
90010058
90010059
90010060
90010061
90010062
90010063
90010064
90010065
90010066
90010067
90010068
90010069
90010070
90010071
90010072
90010073
90010074
90010075
90010076
90010077
90010078
90010079
90010080
90010081
90010082
90010083
90010084
90010085
90010086
90010087
90010088
90010089
90010090
90010091
90010092
90010093
90010094
90010095
90010096
90010097
90010098
90010099
90020000
90020001
90020002
90020003
90020004
90020005
90020006
90020007
90020008
90020009
90020010
90020011
90020012
90020013
90020014
90020015
90020016
90020017
90020018
90020019
90020020
90020021
90020022
90020023
90020024
90020025
90020026
90020027
90020028
90020029
90020030
90020031
90020032
90020033
90020034
90020035
90020036
90020037
90020038
90020039
90020040
90020041
90020042
90020043
90020044
90020045
90020046
90020047
90020048
90020049
90020050
90020051
90020052
90020053
90020054
90020055
90020056
90020057
90020058
90020059
90020060
90020061
90020062
90020063
90020064
90020065
90020066
90020067
90020068
90020069
90020070
90020071
90020072
90020073
90020074
90020075
90020076
90020077
90020078
90020079
90020080
90020081
90020082
90020083
90020084
90020085
90020086
90020087
90020088
90020089
90020090
90020091
90020092
90020093
90020094
90020095
90020096
90020097
90020098
90020099
90030000
90030001
90030002
90030003
90030004
90030005
90030006
90030007
90030008
90030009
90030010
90030011
90030012
90030013
90030014
90030015
90030016
90030017
90030018
90030019
90030020
90030021
90030022
90030023
90030024
90030025
90030026
90030027
90030028
90030029
90030030
90030031
90030032
90030033
90030034
90030035
90030036
90030037
90030038
90030039
90030040
90030041
90030042
90030043
90030044
90030045
90030046
90030047
90030048
90030049
90030050
90030051
90030052
90030053
90030054
90030055
90030056
90030057
90030058
90030059
90030060
90030061
90030062
90030063
90030064
90030065
90030066
90030067
90030068
90030069
90030070
90030071
90030072
90030073
90030074
90030075
90030076
90030077
90030078
90030079
90030080
90030081
90030082
90030083
90030084
90030085
90030086
90030087
90030088
90030089
90030090
90030091
90030092
90030093
90030094
90030095
90030096
90030097
90030098
90030099
90040000
90040001
90040002
90040003
90040004
90040005
90040006
90040007
90040008
90040009
90040010
90040011
90040012
90040013
90040014
90040015
90040016
90040017
90040018
90040019
90040020
90040021
90040022
90040023
90040024
90040025
90040026
90040027
90040028
90040029
90040030
90040031
90040032
90040033
90040034
90040035
90040036
90040037
90040038
90040039
90040040
90040041
90040042
90040043
90040044
90040045
90040046
90040047
90040048
90040049
90040050
90040051
90040052
90040053
90040054
90040055
90040056
90040057
90040058
90040059
90040060
90040061
90040062
90040063
90040064
90040065
90040066
90040067
90040068
90040069
90040070
90040071
90040072
90040073
90040074
90040075
90040076
90040077
90040078
90040079
90040080
90040081
90040082
90040083
90040084
90040085
90040086
90040087
90040088
90040089
90040090
90040091
90040092
90040093
90040094
90040095
90040096
90040097
90040098
90040099
90050000
90050001
90050002
90050003
90050004
90050005
90050006
90050007
90050008
90050009
90050010
90050011
90050012
90050013
90050014
90050015
90050016
90050017
90050018
90050019
90050020
90050021
90050022
90050023
90050024
90050025
90050026
90050027
90050028
90050029
90050030
90050031
90050032
90050033
90050034
90050035
90050036
90050037
90050038
90050039
90050040
90050041
90050042
90050043
90050044
90050045
90050046
90050047
90050048
90050049
90050050
90050051
90050052
90050053
90050054
90050055
90050056
90050057
90050058
90050059
90050060
90050061
90050062
90050063
90050064
90050065
90050066
90050067
90050068
90050069
90050070
90050071
90050072
90050073
90050074
90050075
90050076
90050077
90050078
90050079
90050080
90050081
90050082
90050083
90050084
90050085
90050086
90050087
90050088
90050089
90050090
90050091
90050092
90050093
90050094
90050095
90050096
90050097
90050098
90050099
90060000
90060001
90060002
90060003
90060004
90060005
90060006
90060007
90060008
90060009
90060010
90060011
90060012
90060013
90060014
90060015
90060016
90060017
90060018
90060019
90060020
90060021
90060022
90060023
90060024
90060025
90060026
90060027
90060028
90060029
90060030
90060031
90060032
90060033
90060034
90060035
90060036
90060037
90060038
90060039
90060040
90060041
90060042
90060043
90060044
90060045
90060046
90060047
90060048
90060049
90060050
90060051
90060052
90060053
90060054
90060055
90060056
90060057
90060058
90060059
90060060
90060061
90060062
90060063
90060064
90060065
90060066
90060067
90060068
90060069
90060070
90060071
90060072
90060073
90060074
90060075
90060076
90060077
90060078
90060079
90060080
90060081
90060082
90060083
90060084
90060085
90060086
90060087
90060088
90060089
90060090
90060091
90060092
90060093
90060094
90060095
90060096
90060097
90060098
90060099
90070000
90070001
90070002
90070003
90070004
90070005
90070006
90070007
90070008
90070009
90070010
90070011
90070012
90070013
90070014
90070015
90070016
90070017
90070018
90070019
90070020
90070021
90070022
90070023
90070024
90070025
90070026
90070027
90070028
90070029
90070030
90070031
90070032
90070033
90070034
90070035
90070036
90070037
90070038
90070039
90070040
90070041
90070042
90070043
90070044
90070045
90070046
90070047
90070048
90070049
90070050
90070051
90070052
90070053
90070054
90070055
90070056
90070057
90070058
90070059
90070060
90070061
90070062
90070063
90070064
90070065
90070066
90070067
90070068
90070069
90070070
90070071
90070072
90070073
90070074
90070075
90070076
90070077
90070078
90070079
90070080
90070081
90070082
90070083
90070084
90070085
90070086
90070087
90070088
90070089
90070090
90070091
90070092
90070093
90070094
90070095
90070096
90070097
90070098
90070099
90080000
90080001
90080002
90080003
90080004
90080005
90080006
90080007
90080008
90080009
90080010
90080011
90080012
90080013
90080014
90080015
90080016
90080017
90080018
90080019
90080020
90080021
90080022
90080023
90080024
90080025
90080026
90080027
90080028
90080029
90080030
90080031
90080032
90080033
90080034
90080035
90080036
90080037
90080038
90080039
90080040
90080041
90080042
90080043
90080044
90080045
90080046
90080047
90080048
90080049
90080050
90080051
90080052
90080053
90080054
90080055
90080056
90080057
90080058
90080059
90080060
90080061
90080062
90080063
90080064
90080065
90080066
90080067
90080068
90080069
90080070
90080071
90080072
90080073
90080074
90080075
90080076
90080077
90080078
90080079
90080080
90080081
90080082
90080083
90080084
90080085
90080086
90080087
90080088
90080089
90080090
90080091
90080092
90080093
90080094
90080095
90080096
90080097
90080098
90080099
90090000
90090001
90090002
90090003
90090004
90090005
90090006
90090007
90090008
90090009
90090010
90090011
90090012
90090013
90090014
90090015
90090016
90090017
90090018
90090019
90090020
90090021
90090022
90090023
90090024
90090025
90090026
90090027
90090028
90090029
90090030
90090031
90090032
90090033
90090034
90090035
90090036
90090037
90090038
90090039
90090040
90090041
90090042
90090043
90090044
90090045
90090046
90090047
90090048
90090049
90090050
90090051
90090052
90090053
90090054
90090055
90090056
90090057
90090058
90090059
90090060
90090061
90090062
90090063
90090064
90090065
90090066
90090067
90090068
90090069
90090070
90090071
90090072
90090073
90090074
90090075
90090076
90090077
90090078
90090079
90090080
90090081
90090082
90090083
90090084
90090085
90090086
90090087
90090088
90090089
90090090
90090091
90090092
90090093
90090094
90090095
90090096
90090097
90090098
90090099
