00000000
00000100
00000200
00000300
00000400
00000500
00000600
00000700
00000800
00000900
00001000
00001100
00001200
00001300
00001400
00001500
00001600
00001700
00001800
00001900
00002000
00002100
00002200
00002300
00002400
00002500
00002600
00002700
00002800
00002900
00003000
00003100
00003200
00003300
00003400
00003500
00003600
00003700
00003800
00003900
00004000
00004100
00004200
00004300
00004400
00004500
00004600
00004700
00004800
00004900
00005000
00005100
00005200
00005300
00005400
00005500
00005600
00005700
00005800
00005900
00006000
00006100
00006200
00006300
00006400
00006500
00006600
00006700
00006800
00006900
00007000
00007100
00007200
00007300
00007400
00007500
00007600
00007700
00007800
00007900
00008000
00008100
00008200
00008300
00008400
00008500
00008600
00008700
00008800
00008900
00009000
00009100
00009200
00009300
00009400
00009500
00009600
00009700
00009800
00009900
01000000
01000100
01000200
01000300
01000400
01000500
01000600
01000700
01000800
01000900
01001000
01001100
01001200
01001300
01001400
01001500
01001600
01001700
01001800
01001900
01002000
01002100
01002200
01002300
01002400
01002500
01002600
01002700
01002800
01002900
01003000
01003100
01003200
01003300
01003400
01003500
01003600
01003700
01003800
01003900
01004000
01004100
01004200
01004300
01004400
01004500
01004600
01004700
01004800
01004900
01005000
01005100
01005200
01005300
01005400
01005500
01005600
01005700
01005800
01005900
01006000
01006100
01006200
01006300
01006400
01006500
01006600
01006700
01006800
01006900
01007000
01007100
01007200
01007300
01007400
01007500
01007600
01007700
01007800
01007900
01008000
01008100
01008200
01008300
01008400
01008500
01008600
01008700
01008800
01008900
01009000
01009100
01009200
01009300
01009400
01009500
01009600
01009700
01009800
01009900
02000000
02000100
02000200
02000300
02000400
02000500
02000600
02000700
02000800
02000900
02001000
02001100
02001200
02001300
02001400
02001500
02001600
02001700
02001800
02001900
02002000
02002100
02002200
02002300
02002400
02002500
02002600
02002700
02002800
02002900
02003000
02003100
02003200
02003300
02003400
02003500
02003600
02003700
02003800
02003900
02004000
02004100
02004200
02004300
02004400
02004500
02004600
02004700
02004800
02004900
02005000
02005100
02005200
02005300
02005400
02005500
02005600
02005700
02005800
02005900
02006000
02006100
02006200
02006300
02006400
02006500
02006600
02006700
02006800
02006900
02007000
02007100
02007200
02007300
02007400
02007500
02007600
02007700
02007800
02007900
02008000
02008100
02008200
02008300
02008400
02008500
02008600
02008700
02008800
02008900
02009000
02009100
02009200
02009300
02009400
02009500
02009600
02009700
02009800
02009900
03000000
03000100
03000200
03000300
03000400
03000500
03000600
03000700
03000800
03000900
03001000
03001100
03001200
03001300
03001400
03001500
03001600
03001700
03001800
03001900
03002000
03002100
03002200
03002300
03002400
03002500
03002600
03002700
03002800
03002900
03003000
03003100
03003200
03003300
03003400
03003500
03003600
03003700
03003800
03003900
03004000
03004100
03004200
03004300
03004400
03004500
03004600
03004700
03004800
03004900
03005000
03005100
03005200
03005300
03005400
03005500
03005600
03005700
03005800
03005900
03006000
03006100
03006200
03006300
03006400
03006500
03006600
03006700
03006800
03006900
03007000
03007100
03007200
03007300
03007400
03007500
03007600
03007700
03007800
03007900
03008000
03008100
03008200
03008300
03008400
03008500
03008600
03008700
03008800
03008900
03009000
03009100
03009200
03009300
03009400
03009500
03009600
03009700
03009800
03009900
04000000
04000100
04000200
04000300
04000400
04000500
04000600
04000700
04000800
04000900
04001000
04001100
04001200
04001300
04001400
04001500
04001600
04001700
04001800
04001900
04002000
04002100
04002200
04002300
04002400
04002500
04002600
04002700
04002800
04002900
04003000
04003100
04003200
04003300
04003400
04003500
04003600
04003700
04003800
04003900
04004000
04004100
04004200
04004300
04004400
04004500
04004600
04004700
04004800
04004900
04005000
04005100
04005200
04005300
04005400
04005500
04005600
04005700
04005800
04005900
04006000
04006100
04006200
04006300
04006400
04006500
04006600
04006700
04006800
04006900
04007000
04007100
04007200
04007300
04007400
04007500
04007600
04007700
04007800
04007900
04008000
04008100
04008200
04008300
04008400
04008500
04008600
04008700
04008800
04008900
04009000
04009100
04009200
04009300
04009400
04009500
04009600
04009700
04009800
04009900
05000000
05000100
05000200
05000300
05000400
05000500
05000600
05000700
05000800
05000900
05001000
05001100
05001200
05001300
05001400
05001500
05001600
05001700
05001800
05001900
05002000
05002100
05002200
05002300
05002400
05002500
05002600
05002700
05002800
05002900
05003000
05003100
05003200
05003300
05003400
05003500
05003600
05003700
05003800
05003900
05004000
05004100
05004200
05004300
05004400
05004500
05004600
05004700
05004800
05004900
05005000
05005100
05005200
05005300
05005400
05005500
05005600
05005700
05005800
05005900
05006000
05006100
05006200
05006300
05006400
05006500
05006600
05006700
05006800
05006900
05007000
05007100
05007200
05007300
05007400
05007500
05007600
05007700
05007800
05007900
05008000
05008100
05008200
05008300
05008400
05008500
05008600
05008700
05008800
05008900
05009000
05009100
05009200
05009300
05009400
05009500
05009600
05009700
05009800
05009900
06000000
06000100
06000200
06000300
06000400
06000500
06000600
06000700
06000800
06000900
06001000
06001100
06001200
06001300
06001400
06001500
06001600
06001700
06001800
06001900
06002000
06002100
06002200
06002300
06002400
06002500
06002600
06002700
06002800
06002900
06003000
06003100
06003200
06003300
06003400
06003500
06003600
06003700
06003800
06003900
06004000
06004100
06004200
06004300
06004400
06004500
06004600
06004700
06004800
06004900
06005000
06005100
06005200
06005300
06005400
06005500
06005600
06005700
06005800
06005900
06006000
06006100
06006200
06006300
06006400
06006500
06006600
06006700
06006800
06006900
06007000
06007100
06007200
06007300
06007400
06007500
06007600
06007700
06007800
06007900
06008000
06008100
06008200
06008300
06008400
06008500
06008600
06008700
06008800
06008900
06009000
06009100
06009200
06009300
06009400
06009500
06009600
06009700
06009800
06009900
07000000
07000100
07000200
07000300
07000400
07000500
07000600
07000700
07000800
07000900
07001000
07001100
07001200
07001300
07001400
07001500
07001600
07001700
07001800
07001900
07002000
07002100
07002200
07002300
07002400
07002500
07002600
07002700
07002800
07002900
07003000
07003100
07003200
07003300
07003400
07003500
07003600
07003700
07003800
07003900
07004000
07004100
07004200
07004300
07004400
07004500
07004600
07004700
07004800
07004900
07005000
07005100
07005200
07005300
07005400
07005500
07005600
07005700
07005800
07005900
07006000
07006100
07006200
07006300
07006400
07006500
07006600
07006700
07006800
07006900
07007000
07007100
07007200
07007300
07007400
07007500
07007600
07007700
07007800
07007900
07008000
07008100
07008200
07008300
07008400
07008500
07008600
07008700
07008800
07008900
07009000
07009100
07009200
07009300
07009400
07009500
07009600
07009700
07009800
07009900
08000000
08000100
08000200
08000300
08000400
08000500
08000600
08000700
08000800
08000900
08001000
08001100
08001200
08001300
08001400
08001500
08001600
08001700
08001800
08001900
08002000
08002100
08002200
08002300
08002400
08002500
08002600
08002700
08002800
08002900
08003000
08003100
08003200
08003300
08003400
08003500
08003600
08003700
08003800
08003900
08004000
08004100
08004200
08004300
08004400
08004500
08004600
08004700
08004800
08004900
08005000
08005100
08005200
08005300
08005400
08005500
08005600
08005700
08005800
08005900
08006000
08006100
08006200
08006300
08006400
08006500
08006600
08006700
08006800
08006900
08007000
08007100
08007200
08007300
08007400
08007500
08007600
08007700
08007800
08007900
08008000
08008100
08008200
08008300
08008400
08008500
08008600
08008700
08008800
08008900
08009000
08009100
08009200
08009300
08009400
08009500
08009600
08009700
08009800
08009900
09000000
09000100
09000200
09000300
09000400
09000500
09000600
09000700
09000800
09000900
09001000
09001100
09001200
09001300
09001400
09001500
09001600
09001700
09001800
09001900
09002000
09002100
09002200
09002300
09002400
09002500
09002600
09002700
09002800
09002900
09003000
09003100
09003200
09003300
09003400
09003500
09003600
09003700
09003800
09003900
09004000
09004100
09004200
09004300
09004400
09004500
09004600
09004700
09004800
09004900
09005000
09005100
09005200
09005300
09005400
09005500
09005600
09005700
09005800
09005900
09006000
09006100
09006200
09006300
09006400
09006500
09006600
09006700
09006800
09006900
09007000
09007100
09007200
09007300
09007400
09007500
09007600
09007700
09007800
09007900
09008000
09008100
09008200
09008300
09008400
09008500
09008600
09008700
09008800
09008900
09009000
09009100
09009200
09009300
09009400
09009500
09009600
09009700
09009800
09009900
10000000
10000100
10000200
10000300
10000400
10000500
10000600
10000700
10000800
10000900
10001000
10001100
10001200
10001300
10001400
10001500
10001600
10001700
10001800
10001900
10002000
10002100
10002200
10002300
10002400
10002500
10002600
10002700
10002800
10002900
10003000
10003100
10003200
10003300
10003400
10003500
10003600
10003700
10003800
10003900
10004000
10004100
10004200
10004300
10004400
10004500
10004600
10004700
10004800
10004900
10005000
10005100
10005200
10005300
10005400
10005500
10005600
10005700
10005800
10005900
10006000
10006100
10006200
10006300
10006400
10006500
10006600
10006700
10006800
10006900
10007000
10007100
10007200
10007300
10007400
10007500
10007600
10007700
10007800
10007900
10008000
10008100
10008200
10008300
10008400
10008500
10008600
10008700
10008800
10008900
10009000
10009100
10009200
10009300
10009400
10009500
10009600
10009700
10009800
10009900
11000000
11000100
11000200
11000300
11000400
11000500
11000600
11000700
11000800
11000900
11001000
11001100
11001200
11001300
11001400
11001500
11001600
11001700
11001800
11001900
11002000
11002100
11002200
11002300
11002400
11002500
11002600
11002700
11002800
11002900
11003000
11003100
11003200
11003300
11003400
11003500
11003600
11003700
11003800
11003900
11004000
11004100
11004200
11004300
11004400
11004500
11004600
11004700
11004800
11004900
11005000
11005100
11005200
11005300
11005400
11005500
11005600
11005700
11005800
11005900
11006000
11006100
11006200
11006300
11006400
11006500
11006600
11006700
11006800
11006900
11007000
11007100
11007200
11007300
11007400
11007500
11007600
11007700
11007800
11007900
11008000
11008100
11008200
11008300
11008400
11008500
11008600
11008700
11008800
11008900
11009000
11009100
11009200
11009300
11009400
11009500
11009600
11009700
11009800
11009900
12000000
12000100
12000200
12000300
12000400
12000500
12000600
12000700
12000800
12000900
12001000
12001100
12001200
12001300
12001400
12001500
12001600
12001700
12001800
12001900
12002000
12002100
12002200
12002300
12002400
12002500
12002600
12002700
12002800
12002900
12003000
12003100
12003200
12003300
12003400
12003500
12003600
12003700
12003800
12003900
12004000
12004100
12004200
12004300
12004400
12004500
12004600
12004700
12004800
12004900
12005000
12005100
12005200
12005300
12005400
12005500
12005600
12005700
12005800
12005900
12006000
12006100
12006200
12006300
12006400
12006500
12006600
12006700
12006800
12006900
12007000
12007100
12007200
12007300
12007400
12007500
12007600
12007700
12007800
12007900
12008000
12008100
12008200
12008300
12008400
12008500
12008600
12008700
12008800
12008900
12009000
12009100
12009200
12009300
12009400
12009500
12009600
12009700
12009800
12009900
13000000
13000100
13000200
13000300
13000400
13000500
13000600
13000700
13000800
13000900
13001000
13001100
13001200
13001300
13001400
13001500
13001600
13001700
13001800
13001900
13002000
13002100
13002200
13002300
13002400
13002500
13002600
13002700
13002800
13002900
13003000
13003100
13003200
13003300
13003400
13003500
13003600
13003700
13003800
13003900
13004000
13004100
13004200
13004300
13004400
13004500
13004600
13004700
13004800
13004900
13005000
13005100
13005200
13005300
13005400
13005500
13005600
13005700
13005800
13005900
13006000
13006100
13006200
13006300
13006400
13006500
13006600
13006700
13006800
13006900
13007000
13007100
13007200
13007300
13007400
13007500
13007600
13007700
13007800
13007900
13008000
13008100
13008200
13008300
13008400
13008500
13008600
13008700
13008800
13008900
13009000
13009100
13009200
13009300
13009400
13009500
13009600
13009700
13009800
13009900
14000000
14000100
14000200
14000300
14000400
14000500
14000600
14000700
14000800
14000900
14001000
14001100
14001200
14001300
14001400
14001500
14001600
14001700
14001800
14001900
14002000
14002100
14002200
14002300
14002400
14002500
14002600
14002700
14002800
14002900
14003000
14003100
14003200
14003300
14003400
14003500
14003600
14003700
14003800
14003900
14004000
14004100
14004200
14004300
14004400
14004500
14004600
14004700
14004800
14004900
14005000
14005100
14005200
14005300
14005400
14005500
14005600
14005700
14005800
14005900
14006000
14006100
14006200
14006300
14006400
14006500
14006600
14006700
14006800
14006900
14007000
14007100
14007200
14007300
14007400
14007500
14007600
14007700
14007800
14007900
14008000
14008100
14008200
14008300
14008400
14008500
14008600
14008700
14008800
14008900
14009000
14009100
14009200
14009300
14009400
14009500
14009600
14009700
14009800
14009900
15000000
15000100
15000200
15000300
15000400
15000500
15000600
15000700
15000800
15000900
15001000
15001100
15001200
15001300
15001400
15001500
15001600
15001700
15001800
15001900
15002000
15002100
15002200
15002300
15002400
15002500
15002600
15002700
15002800
15002900
15003000
15003100
15003200
15003300
15003400
15003500
15003600
15003700
15003800
15003900
15004000
15004100
15004200
15004300
15004400
15004500
15004600
15004700
15004800
15004900
15005000
15005100
15005200
15005300
15005400
15005500
15005600
15005700
15005800
15005900
15006000
15006100
15006200
15006300
15006400
15006500
15006600
15006700
15006800
15006900
15007000
15007100
15007200
15007300
15007400
15007500
15007600
15007700
15007800
15007900
15008000
15008100
15008200
15008300
15008400
15008500
15008600
15008700
15008800
15008900
15009000
15009100
15009200
15009300
15009400
15009500
15009600
15009700
15009800
15009900
16000000
16000100
16000200
16000300
16000400
16000500
16000600
16000700
16000800
16000900
16001000
16001100
16001200
16001300
16001400
16001500
16001600
16001700
16001800
16001900
16002000
16002100
16002200
16002300
16002400
16002500
16002600
16002700
16002800
16002900
16003000
16003100
16003200
16003300
16003400
16003500
16003600
16003700
16003800
16003900
16004000
16004100
16004200
16004300
16004400
16004500
16004600
16004700
16004800
16004900
16005000
16005100
16005200
16005300
16005400
16005500
16005600
16005700
16005800
16005900
16006000
16006100
16006200
16006300
16006400
16006500
16006600
16006700
16006800
16006900
16007000
16007100
16007200
16007300
16007400
16007500
16007600
16007700
16007800
16007900
16008000
16008100
16008200
16008300
16008400
16008500
16008600
16008700
16008800
16008900
16009000
16009100
16009200
16009300
16009400
16009500
16009600
16009700
16009800
16009900
17000000
17000100
17000200
17000300
17000400
17000500
17000600
17000700
17000800
17000900
17001000
17001100
17001200
17001300
17001400
17001500
17001600
17001700
17001800
17001900
17002000
17002100
17002200
17002300
17002400
17002500
17002600
17002700
17002800
17002900
17003000
17003100
17003200
17003300
17003400
17003500
17003600
17003700
17003800
17003900
17004000
17004100
17004200
17004300
17004400
17004500
17004600
17004700
17004800
17004900
17005000
17005100
17005200
17005300
17005400
17005500
17005600
17005700
17005800
17005900
17006000
17006100
17006200
17006300
17006400
17006500
17006600
17006700
17006800
17006900
17007000
17007100
17007200
17007300
17007400
17007500
17007600
17007700
17007800
17007900
17008000
17008100
17008200
17008300
17008400
17008500
17008600
17008700
17008800
17008900
17009000
17009100
17009200
17009300
17009400
17009500
17009600
17009700
17009800
17009900
18000000
18000100
18000200
18000300
18000400
18000500
18000600
18000700
18000800
18000900
18001000
18001100
18001200
18001300
18001400
18001500
18001600
18001700
18001800
18001900
18002000
18002100
18002200
18002300
18002400
18002500
18002600
18002700
18002800
18002900
18003000
18003100
18003200
18003300
18003400
18003500
18003600
18003700
18003800
18003900
18004000
18004100
18004200
18004300
18004400
18004500
18004600
18004700
18004800
18004900
18005000
18005100
18005200
18005300
18005400
18005500
18005600
18005700
18005800
18005900
18006000
18006100
18006200
18006300
18006400
18006500
18006600
18006700
18006800
18006900
18007000
18007100
18007200
18007300
18007400
18007500
18007600
18007700
18007800
18007900
18008000
18008100
18008200
18008300
18008400
18008500
18008600
18008700
18008800
18008900
18009000
18009100
18009200
18009300
18009400
18009500
18009600
18009700
18009800
18009900
19000000
19000100
19000200
19000300
19000400
19000500
19000600
19000700
19000800
19000900
19001000
19001100
19001200
19001300
19001400
19001500
19001600
19001700
19001800
19001900
19002000
19002100
19002200
19002300
19002400
19002500
19002600
19002700
19002800
19002900
19003000
19003100
19003200
19003300
19003400
19003500
19003600
19003700
19003800
19003900
19004000
19004100
19004200
19004300
19004400
19004500
19004600
19004700
19004800
19004900
19005000
19005100
19005200
19005300
19005400
19005500
19005600
19005700
19005800
19005900
19006000
19006100
19006200
19006300
19006400
19006500
19006600
19006700
19006800
19006900
19007000
19007100
19007200
19007300
19007400
19007500
19007600
19007700
19007800
19007900
19008000
19008100
19008200
19008300
19008400
19008500
19008600
19008700
19008800
19008900
19009000
19009100
19009200
19009300
19009400
19009500
19009600
19009700
19009800
19009900
20000000
20000100
20000200
20000300
20000400
20000500
20000600
20000700
20000800
20000900
20001000
20001100
20001200
20001300
20001400
20001500
20001600
20001700
20001800
20001900
20002000
20002100
20002200
20002300
20002400
20002500
20002600
20002700
20002800
20002900
20003000
20003100
20003200
20003300
20003400
20003500
20003600
20003700
20003800
20003900
20004000
20004100
20004200
20004300
20004400
20004500
20004600
20004700
20004800
20004900
20005000
20005100
20005200
20005300
20005400
20005500
20005600
20005700
20005800
20005900
20006000
20006100
20006200
20006300
20006400
20006500
20006600
20006700
20006800
20006900
20007000
20007100
20007200
20007300
20007400
20007500
20007600
20007700
20007800
20007900
20008000
20008100
20008200
20008300
20008400
20008500
20008600
20008700
20008800
20008900
20009000
20009100
20009200
20009300
20009400
20009500
20009600
20009700
20009800
20009900
21000000
21000100
21000200
21000300
21000400
21000500
21000600
21000700
21000800
21000900
21001000
21001100
21001200
21001300
21001400
21001500
21001600
21001700
21001800
21001900
21002000
21002100
21002200
21002300
21002400
21002500
21002600
21002700
21002800
21002900
21003000
21003100
21003200
21003300
21003400
21003500
21003600
21003700
21003800
21003900
21004000
21004100
21004200
21004300
21004400
21004500
21004600
21004700
21004800
21004900
21005000
21005100
21005200
21005300
21005400
21005500
21005600
21005700
21005800
21005900
21006000
21006100
21006200
21006300
21006400
21006500
21006600
21006700
21006800
21006900
21007000
21007100
21007200
21007300
21007400
21007500
21007600
21007700
21007800
21007900
21008000
21008100
21008200
21008300
21008400
21008500
21008600
21008700
21008800
21008900
21009000
21009100
21009200
21009300
21009400
21009500
21009600
21009700
21009800
21009900
22000000
22000100
22000200
22000300
22000400
22000500
22000600
22000700
22000800
22000900
22001000
22001100
22001200
22001300
22001400
22001500
22001600
22001700
22001800
22001900
22002000
22002100
22002200
22002300
22002400
22002500
22002600
22002700
22002800
22002900
22003000
22003100
22003200
22003300
22003400
22003500
22003600
22003700
22003800
22003900
22004000
22004100
22004200
22004300
22004400
22004500
22004600
22004700
22004800
22004900
22005000
22005100
22005200
22005300
22005400
22005500
22005600
22005700
22005800
22005900
22006000
22006100
22006200
22006300
22006400
22006500
22006600
22006700
22006800
22006900
22007000
22007100
22007200
22007300
22007400
22007500
22007600
22007700
22007800
22007900
22008000
22008100
22008200
22008300
22008400
22008500
22008600
22008700
22008800
22008900
22009000
22009100
22009200
22009300
22009400
22009500
22009600
22009700
22009800
22009900
23000000
23000100
23000200
23000300
23000400
23000500
23000600
23000700
23000800
23000900
23001000
23001100
23001200
23001300
23001400
23001500
23001600
23001700
23001800
23001900
23002000
23002100
23002200
23002300
23002400
23002500
23002600
23002700
23002800
23002900
23003000
23003100
23003200
23003300
23003400
23003500
23003600
23003700
23003800
23003900
23004000
23004100
23004200
23004300
23004400
23004500
23004600
23004700
23004800
23004900
23005000
23005100
23005200
23005300
23005400
23005500
23005600
23005700
23005800
23005900
23006000
23006100
23006200
23006300
23006400
23006500
23006600
23006700
23006800
23006900
23007000
23007100
23007200
23007300
23007400
23007500
23007600
23007700
23007800
23007900
23008000
23008100
23008200
23008300
23008400
23008500
23008600
23008700
23008800
23008900
23009000
23009100
23009200
23009300
23009400
23009500
23009600
23009700
23009800
23009900
24000000
24000100
24000200
24000300
24000400
24000500
24000600
24000700
24000800
24000900
24001000
24001100
24001200
24001300
24001400
24001500
24001600
24001700
24001800
24001900
24002000
24002100
24002200
24002300
24002400
24002500
24002600
24002700
24002800
24002900
24003000
24003100
24003200
24003300
24003400
24003500
24003600
24003700
24003800
24003900
24004000
24004100
24004200
24004300
24004400
24004500
24004600
24004700
24004800
24004900
24005000
24005100
24005200
24005300
24005400
24005500
24005600
24005700
24005800
24005900
24006000
24006100
24006200
24006300
24006400
24006500
24006600
24006700
24006800
24006900
24007000
24007100
24007200
24007300
24007400
24007500
24007600
24007700
24007800
24007900
24008000
24008100
24008200
24008300
24008400
24008500
24008600
24008700
24008800
24008900
24009000
24009100
24009200
24009300
24009400
24009500
24009600
24009700
24009800
24009900
25000000
25000100
25000200
25000300
25000400
25000500
25000600
25000700
25000800
25000900
25001000
25001100
25001200
25001300
25001400
25001500
25001600
25001700
25001800
25001900
25002000
25002100
25002200
25002300
25002400
25002500
25002600
25002700
25002800
25002900
25003000
25003100
25003200
25003300
25003400
25003500
25003600
25003700
25003800
25003900
25004000
25004100
25004200
25004300
25004400
25004500
25004600
25004700
25004800
25004900
25005000
25005100
25005200
25005300
25005400
25005500
25005600
25005700
25005800
25005900
25006000
25006100
25006200
25006300
25006400
25006500
25006600
25006700
25006800
25006900
25007000
25007100
25007200
25007300
25007400
25007500
25007600
25007700
25007800
25007900
25008000
25008100
25008200
25008300
25008400
25008500
25008600
25008700
25008800
25008900
25009000
25009100
25009200
25009300
25009400
25009500
25009600
25009700
25009800
25009900
26000000
26000100
26000200
26000300
26000400
26000500
26000600
26000700
26000800
26000900
26001000
26001100
26001200
26001300
26001400
26001500
26001600
26001700
26001800
26001900
26002000
26002100
26002200
26002300
26002400
26002500
26002600
26002700
26002800
26002900
26003000
26003100
26003200
26003300
26003400
26003500
26003600
26003700
26003800
26003900
26004000
26004100
26004200
26004300
26004400
26004500
26004600
26004700
26004800
26004900
26005000
26005100
26005200
26005300
26005400
26005500
26005600
26005700
26005800
26005900
26006000
26006100
26006200
26006300
26006400
26006500
26006600
26006700
26006800
26006900
26007000
26007100
26007200
26007300
26007400
26007500
26007600
26007700
26007800
26007900
26008000
26008100
26008200
26008300
26008400
26008500
26008600
26008700
26008800
26008900
26009000
26009100
26009200
26009300
26009400
26009500
26009600
26009700
26009800
26009900
27000000
27000100
27000200
27000300
27000400
27000500
27000600
27000700
27000800
27000900
27001000
27001100
27001200
27001300
27001400
27001500
27001600
27001700
27001800
27001900
27002000
27002100
27002200
27002300
27002400
27002500
27002600
27002700
27002800
27002900
27003000
27003100
27003200
27003300
27003400
27003500
27003600
27003700
27003800
27003900
27004000
27004100
27004200
27004300
27004400
27004500
27004600
27004700
27004800
27004900
27005000
27005100
27005200
27005300
27005400
27005500
27005600
27005700
27005800
27005900
27006000
27006100
27006200
27006300
27006400
27006500
27006600
27006700
27006800
27006900
27007000
27007100
27007200
27007300
27007400
27007500
27007600
27007700
27007800
27007900
27008000
27008100
27008200
27008300
27008400
27008500
27008600
27008700
27008800
27008900
27009000
27009100
27009200
27009300
27009400
27009500
27009600
27009700
27009800
27009900
28000000
28000100
28000200
28000300
28000400
28000500
28000600
28000700
28000800
28000900
28001000
28001100
28001200
28001300
28001400
28001500
28001600
28001700
28001800
28001900
28002000
28002100
28002200
28002300
28002400
28002500
28002600
28002700
28002800
28002900
28003000
28003100
28003200
28003300
28003400
28003500
28003600
28003700
28003800
28003900
28004000
28004100
28004200
28004300
28004400
28004500
28004600
28004700
28004800
28004900
28005000
28005100
28005200
28005300
28005400
28005500
28005600
28005700
28005800
28005900
28006000
28006100
28006200
28006300
28006400
28006500
28006600
28006700
28006800
28006900
28007000
28007100
28007200
28007300
28007400
28007500
28007600
28007700
28007800
28007900
28008000
28008100
28008200
28008300
28008400
28008500
28008600
28008700
28008800
28008900
28009000
28009100
28009200
28009300
28009400
28009500
28009600
28009700
28009800
28009900
29000000
29000100
29000200
29000300
29000400
29000500
29000600
29000700
29000800
29000900
29001000
29001100
29001200
29001300
29001400
29001500
29001600
29001700
29001800
29001900
29002000
29002100
29002200
29002300
29002400
29002500
29002600
29002700
29002800
29002900
29003000
29003100
29003200
29003300
29003400
29003500
29003600
29003700
29003800
29003900
29004000
29004100
29004200
29004300
29004400
29004500
29004600
29004700
29004800
29004900
29005000
29005100
29005200
29005300
29005400
29005500
29005600
29005700
29005800
29005900
29006000
29006100
29006200
29006300
29006400
29006500
29006600
29006700
29006800
29006900
29007000
29007100
29007200
29007300
29007400
29007500
29007600
29007700
29007800
29007900
29008000
29008100
29008200
29008300
29008400
29008500
29008600
29008700
29008800
29008900
29009000
29009100
29009200
29009300
29009400
29009500
29009600
29009700
29009800
29009900
30000000
30000100
30000200
30000300
30000400
30000500
30000600
30000700
30000800
30000900
30001000
30001100
30001200
30001300
30001400
30001500
30001600
30001700
30001800
30001900
30002000
30002100
30002200
30002300
30002400
30002500
30002600
30002700
30002800
30002900
30003000
30003100
30003200
30003300
30003400
30003500
30003600
30003700
30003800
30003900
30004000
30004100
30004200
30004300
30004400
30004500
30004600
30004700
30004800
30004900
30005000
30005100
30005200
30005300
30005400
30005500
30005600
30005700
30005800
30005900
30006000
30006100
30006200
30006300
30006400
30006500
30006600
30006700
30006800
30006900
30007000
30007100
30007200
30007300
30007400
30007500
30007600
30007700
30007800
30007900
30008000
30008100
30008200
30008300
30008400
30008500
30008600
30008700
30008800
30008900
30009000
30009100
30009200
30009300
30009400
30009500
30009600
30009700
30009800
30009900
31000000
31000100
31000200
31000300
31000400
31000500
31000600
31000700
31000800
31000900
31001000
31001100
31001200
31001300
31001400
31001500
31001600
31001700
31001800
31001900
31002000
31002100
31002200
31002300
31002400
31002500
31002600
31002700
31002800
31002900
31003000
31003100
31003200
31003300
31003400
31003500
31003600
31003700
31003800
31003900
31004000
31004100
31004200
31004300
31004400
31004500
31004600
31004700
31004800
31004900
31005000
31005100
31005200
31005300
31005400
31005500
31005600
31005700
31005800
31005900
31006000
31006100
31006200
31006300
31006400
31006500
31006600
31006700
31006800
31006900
31007000
31007100
31007200
31007300
31007400
31007500
31007600
31007700
31007800
31007900
31008000
31008100
31008200
31008300
31008400
31008500
31008600
31008700
31008800
31008900
31009000
31009100
31009200
31009300
31009400
31009500
31009600
31009700
31009800
31009900
32000000
32000100
32000200
32000300
32000400
32000500
32000600
32000700
32000800
32000900
32001000
32001100
32001200
32001300
32001400
32001500
32001600
32001700
32001800
32001900
32002000
32002100
32002200
32002300
32002400
32002500
32002600
32002700
32002800
32002900
32003000
32003100
32003200
32003300
32003400
32003500
32003600
32003700
32003800
32003900
32004000
32004100
32004200
32004300
32004400
32004500
32004600
32004700
32004800
32004900
32005000
32005100
32005200
32005300
32005400
32005500
32005600
32005700
32005800
32005900
32006000
32006100
32006200
32006300
32006400
32006500
32006600
32006700
32006800
32006900
32007000
32007100
32007200
32007300
32007400
32007500
32007600
32007700
32007800
32007900
32008000
32008100
32008200
32008300
32008400
32008500
32008600
32008700
32008800
32008900
32009000
32009100
32009200
32009300
32009400
32009500
32009600
32009700
32009800
32009900
33000000
33000100
33000200
33000300
33000400
33000500
33000600
33000700
33000800
33000900
33001000
33001100
33001200
33001300
33001400
33001500
33001600
33001700
33001800
33001900
33002000
33002100
33002200
33002300
33002400
33002500
33002600
33002700
33002800
33002900
33003000
33003100
33003200
33003300
33003400
33003500
33003600
33003700
33003800
33003900
33004000
33004100
33004200
33004300
33004400
33004500
33004600
33004700
33004800
33004900
33005000
33005100
33005200
33005300
33005400
33005500
33005600
33005700
33005800
33005900
33006000
33006100
33006200
33006300
33006400
33006500
33006600
33006700
33006800
33006900
33007000
33007100
33007200
33007300
33007400
33007500
33007600
33007700
33007800
33007900
33008000
33008100
33008200
33008300
33008400
33008500
33008600
33008700
33008800
33008900
33009000
33009100
33009200
33009300
33009400
33009500
33009600
33009700
33009800
33009900
34000000
34000100
34000200
34000300
34000400
34000500
34000600
34000700
34000800
34000900
34001000
34001100
34001200
34001300
34001400
34001500
34001600
34001700
34001800
34001900
34002000
34002100
34002200
34002300
34002400
34002500
34002600
34002700
34002800
34002900
34003000
34003100
34003200
34003300
34003400
34003500
34003600
34003700
34003800
34003900
34004000
34004100
34004200
34004300
34004400
34004500
34004600
34004700
34004800
34004900
34005000
34005100
34005200
34005300
34005400
34005500
34005600
34005700
34005800
34005900
34006000
34006100
34006200
34006300
34006400
34006500
34006600
34006700
34006800
34006900
34007000
34007100
34007200
34007300
34007400
34007500
34007600
34007700
34007800
34007900
34008000
34008100
34008200
34008300
34008400
34008500
34008600
34008700
34008800
34008900
34009000
34009100
34009200
34009300
34009400
34009500
34009600
34009700
34009800
34009900
35000000
35000100
35000200
35000300
35000400
35000500
35000600
35000700
35000800
35000900
35001000
35001100
35001200
35001300
35001400
35001500
35001600
35001700
35001800
35001900
35002000
35002100
35002200
35002300
35002400
35002500
35002600
35002700
35002800
35002900
35003000
35003100
35003200
35003300
35003400
35003500
35003600
35003700
35003800
35003900
35004000
35004100
35004200
35004300
35004400
35004500
35004600
35004700
35004800
35004900
35005000
35005100
35005200
35005300
35005400
35005500
35005600
35005700
35005800
35005900
35006000
35006100
35006200
35006300
35006400
35006500
35006600
35006700
35006800
35006900
35007000
35007100
35007200
35007300
35007400
35007500
35007600
35007700
35007800
35007900
35008000
35008100
35008200
35008300
35008400
35008500
35008600
35008700
35008800
35008900
35009000
35009100
35009200
35009300
35009400
35009500
35009600
35009700
35009800
35009900
36000000
36000100
36000200
36000300
36000400
36000500
36000600
36000700
36000800
36000900
36001000
36001100
36001200
36001300
36001400
36001500
36001600
36001700
36001800
36001900
36002000
36002100
36002200
36002300
36002400
36002500
36002600
36002700
36002800
36002900
36003000
36003100
36003200
36003300
36003400
36003500
36003600
36003700
36003800
36003900
36004000
36004100
36004200
36004300
36004400
36004500
36004600
36004700
36004800
36004900
36005000
36005100
36005200
36005300
36005400
36005500
36005600
36005700
36005800
36005900
36006000
36006100
36006200
36006300
36006400
36006500
36006600
36006700
36006800
36006900
36007000
36007100
36007200
36007300
36007400
36007500
36007600
36007700
36007800
36007900
36008000
36008100
36008200
36008300
36008400
36008500
36008600
36008700
36008800
36008900
36009000
36009100
36009200
36009300
36009400
36009500
36009600
36009700
36009800
36009900
37000000
37000100
37000200
37000300
37000400
37000500
37000600
37000700
37000800
37000900
37001000
37001100
37001200
37001300
37001400
37001500
37001600
37001700
37001800
37001900
37002000
37002100
37002200
37002300
37002400
37002500
37002600
37002700
37002800
37002900
37003000
37003100
37003200
37003300
37003400
37003500
37003600
37003700
37003800
37003900
37004000
37004100
37004200
37004300
37004400
37004500
37004600
37004700
37004800
37004900
37005000
37005100
37005200
37005300
37005400
37005500
37005600
37005700
37005800
37005900
37006000
37006100
37006200
37006300
37006400
37006500
37006600
37006700
37006800
37006900
37007000
37007100
37007200
37007300
37007400
37007500
37007600
37007700
37007800
37007900
37008000
37008100
37008200
37008300
37008400
37008500
37008600
37008700
37008800
37008900
37009000
37009100
37009200
37009300
37009400
37009500
37009600
37009700
37009800
37009900
38000000
38000100
38000200
38000300
38000400
38000500
38000600
38000700
38000800
38000900
38001000
38001100
38001200
38001300
38001400
38001500
38001600
38001700
38001800
38001900
38002000
38002100
38002200
38002300
38002400
38002500
38002600
38002700
38002800
38002900
38003000
38003100
38003200
38003300
38003400
38003500
38003600
38003700
38003800
38003900
38004000
38004100
38004200
38004300
38004400
38004500
38004600
38004700
38004800
38004900
38005000
38005100
38005200
38005300
38005400
38005500
38005600
38005700
38005800
38005900
38006000
38006100
38006200
38006300
38006400
38006500
38006600
38006700
38006800
38006900
38007000
38007100
38007200
38007300
38007400
38007500
38007600
38007700
38007800
38007900
38008000
38008100
38008200
38008300
38008400
38008500
38008600
38008700
38008800
38008900
38009000
38009100
38009200
38009300
38009400
38009500
38009600
38009700
38009800
38009900
39000000
39000100
39000200
39000300
39000400
39000500
39000600
39000700
39000800
39000900
39001000
39001100
39001200
39001300
39001400
39001500
39001600
39001700
39001800
39001900
39002000
39002100
39002200
39002300
39002400
39002500
39002600
39002700
39002800
39002900
39003000
39003100
39003200
39003300
39003400
39003500
39003600
39003700
39003800
39003900
39004000
39004100
39004200
39004300
39004400
39004500
39004600
39004700
39004800
39004900
39005000
39005100
39005200
39005300
39005400
39005500
39005600
39005700
39005800
39005900
39006000
39006100
39006200
39006300
39006400
39006500
39006600
39006700
39006800
39006900
39007000
39007100
39007200
39007300
39007400
39007500
39007600
39007700
39007800
39007900
39008000
39008100
39008200
39008300
39008400
39008500
39008600
39008700
39008800
39008900
39009000
39009100
39009200
39009300
39009400
39009500
39009600
39009700
39009800
39009900
40000000
40000100
40000200
40000300
40000400
40000500
40000600
40000700
40000800
40000900
40001000
40001100
40001200
40001300
40001400
40001500
40001600
40001700
40001800
40001900
40002000
40002100
40002200
40002300
40002400
40002500
40002600
40002700
40002800
40002900
40003000
40003100
40003200
40003300
40003400
40003500
40003600
40003700
40003800
40003900
40004000
40004100
40004200
40004300
40004400
40004500
40004600
40004700
40004800
40004900
40005000
40005100
40005200
40005300
40005400
40005500
40005600
40005700
40005800
40005900
40006000
40006100
40006200
40006300
40006400
40006500
40006600
40006700
40006800
40006900
40007000
40007100
40007200
40007300
40007400
40007500
40007600
40007700
40007800
40007900
40008000
40008100
40008200
40008300
40008400
40008500
40008600
40008700
40008800
40008900
40009000
40009100
40009200
40009300
40009400
40009500
40009600
40009700
40009800
40009900
41000000
41000100
41000200
41000300
41000400
41000500
41000600
41000700
41000800
41000900
41001000
41001100
41001200
41001300
41001400
41001500
41001600
41001700
41001800
41001900
41002000
41002100
41002200
41002300
41002400
41002500
41002600
41002700
41002800
41002900
41003000
41003100
41003200
41003300
41003400
41003500
41003600
41003700
41003800
41003900
41004000
41004100
41004200
41004300
41004400
41004500
41004600
41004700
41004800
41004900
41005000
41005100
41005200
41005300
41005400
41005500
41005600
41005700
41005800
41005900
41006000
41006100
41006200
41006300
41006400
41006500
41006600
41006700
41006800
41006900
41007000
41007100
41007200
41007300
41007400
41007500
41007600
41007700
41007800
41007900
41008000
41008100
41008200
41008300
41008400
41008500
41008600
41008700
41008800
41008900
41009000
41009100
41009200
41009300
41009400
41009500
41009600
41009700
41009800
41009900
42000000
42000100
42000200
42000300
42000400
42000500
42000600
42000700
42000800
42000900
42001000
42001100
42001200
42001300
42001400
42001500
42001600
42001700
42001800
42001900
42002000
42002100
42002200
42002300
42002400
42002500
42002600
42002700
42002800
42002900
42003000
42003100
42003200
42003300
42003400
42003500
42003600
42003700
42003800
42003900
42004000
42004100
42004200
42004300
42004400
42004500
42004600
42004700
42004800
42004900
42005000
42005100
42005200
42005300
42005400
42005500
42005600
42005700
42005800
42005900
42006000
42006100
42006200
42006300
42006400
42006500
42006600
42006700
42006800
42006900
42007000
42007100
42007200
42007300
42007400
42007500
42007600
42007700
42007800
42007900
42008000
42008100
42008200
42008300
42008400
42008500
42008600
42008700
42008800
42008900
42009000
42009100
42009200
42009300
42009400
42009500
42009600
42009700
42009800
42009900
43000000
43000100
43000200
43000300
43000400
43000500
43000600
43000700
43000800
43000900
43001000
43001100
43001200
43001300
43001400
43001500
43001600
43001700
43001800
43001900
43002000
43002100
43002200
43002300
43002400
43002500
43002600
43002700
43002800
43002900
43003000
43003100
43003200
43003300
43003400
43003500
43003600
43003700
43003800
43003900
43004000
43004100
43004200
43004300
43004400
43004500
43004600
43004700
43004800
43004900
43005000
43005100
43005200
43005300
43005400
43005500
43005600
43005700
43005800
43005900
43006000
43006100
43006200
43006300
43006400
43006500
43006600
43006700
43006800
43006900
43007000
43007100
43007200
43007300
43007400
43007500
43007600
43007700
43007800
43007900
43008000
43008100
43008200
43008300
43008400
43008500
43008600
43008700
43008800
43008900
43009000
43009100
43009200
43009300
43009400
43009500
43009600
43009700
43009800
43009900
44000000
44000100
44000200
44000300
44000400
44000500
44000600
44000700
44000800
44000900
44001000
44001100
44001200
44001300
44001400
44001500
44001600
44001700
44001800
44001900
44002000
44002100
44002200
44002300
44002400
44002500
44002600
44002700
44002800
44002900
44003000
44003100
44003200
44003300
44003400
44003500
44003600
44003700
44003800
44003900
44004000
44004100
44004200
44004300
44004400
44004500
44004600
44004700
44004800
44004900
44005000
44005100
44005200
44005300
44005400
44005500
44005600
44005700
44005800
44005900
44006000
44006100
44006200
44006300
44006400
44006500
44006600
44006700
44006800
44006900
44007000
44007100
44007200
44007300
44007400
44007500
44007600
44007700
44007800
44007900
44008000
44008100
44008200
44008300
44008400
44008500
44008600
44008700
44008800
44008900
44009000
44009100
44009200
44009300
44009400
44009500
44009600
44009700
44009800
44009900
45000000
45000100
45000200
45000300
45000400
45000500
45000600
45000700
45000800
45000900
45001000
45001100
45001200
45001300
45001400
45001500
45001600
45001700
45001800
45001900
45002000
45002100
45002200
45002300
45002400
45002500
45002600
45002700
45002800
45002900
45003000
45003100
45003200
45003300
45003400
45003500
45003600
45003700
45003800
45003900
45004000
45004100
45004200
45004300
45004400
45004500
45004600
45004700
45004800
45004900
45005000
45005100
45005200
45005300
45005400
45005500
45005600
45005700
45005800
45005900
45006000
45006100
45006200
45006300
45006400
45006500
45006600
45006700
45006800
45006900
45007000
45007100
45007200
45007300
45007400
45007500
45007600
45007700
45007800
45007900
45008000
45008100
45008200
45008300
45008400
45008500
45008600
45008700
45008800
45008900
45009000
45009100
45009200
45009300
45009400
45009500
45009600
45009700
45009800
45009900
46000000
46000100
46000200
46000300
46000400
46000500
46000600
46000700
46000800
46000900
46001000
46001100
46001200
46001300
46001400
46001500
46001600
46001700
46001800
46001900
46002000
46002100
46002200
46002300
46002400
46002500
46002600
46002700
46002800
46002900
46003000
46003100
46003200
46003300
46003400
46003500
46003600
46003700
46003800
46003900
46004000
46004100
46004200
46004300
46004400
46004500
46004600
46004700
46004800
46004900
46005000
46005100
46005200
46005300
46005400
46005500
46005600
46005700
46005800
46005900
46006000
46006100
46006200
46006300
46006400
46006500
46006600
46006700
46006800
46006900
46007000
46007100
46007200
46007300
46007400
46007500
46007600
46007700
46007800
46007900
46008000
46008100
46008200
46008300
46008400
46008500
46008600
46008700
46008800
46008900
46009000
46009100
46009200
46009300
46009400
46009500
46009600
46009700
46009800
46009900
47000000
47000100
47000200
47000300
47000400
47000500
47000600
47000700
47000800
47000900
47001000
47001100
47001200
47001300
47001400
47001500
47001600
47001700
47001800
47001900
47002000
47002100
47002200
47002300
47002400
47002500
47002600
47002700
47002800
47002900
47003000
47003100
47003200
47003300
47003400
47003500
47003600
47003700
47003800
47003900
47004000
47004100
47004200
47004300
47004400
47004500
47004600
47004700
47004800
47004900
47005000
47005100
47005200
47005300
47005400
47005500
47005600
47005700
47005800
47005900
47006000
47006100
47006200
47006300
47006400
47006500
47006600
47006700
47006800
47006900
47007000
47007100
47007200
47007300
47007400
47007500
47007600
47007700
47007800
47007900
47008000
47008100
47008200
47008300
47008400
47008500
47008600
47008700
47008800
47008900
47009000
47009100
47009200
47009300
47009400
47009500
47009600
47009700
47009800
47009900
48000000
48000100
48000200
48000300
48000400
48000500
48000600
48000700
48000800
48000900
48001000
48001100
48001200
48001300
48001400
48001500
48001600
48001700
48001800
48001900
48002000
48002100
48002200
48002300
48002400
48002500
48002600
48002700
48002800
48002900
48003000
48003100
48003200
48003300
48003400
48003500
48003600
48003700
48003800
48003900
48004000
48004100
48004200
48004300
48004400
48004500
48004600
48004700
48004800
48004900
48005000
48005100
48005200
48005300
48005400
48005500
48005600
48005700
48005800
48005900
48006000
48006100
48006200
48006300
48006400
48006500
48006600
48006700
48006800
48006900
48007000
48007100
48007200
48007300
48007400
48007500
48007600
48007700
48007800
48007900
48008000
48008100
48008200
48008300
48008400
48008500
48008600
48008700
48008800
48008900
48009000
48009100
48009200
48009300
48009400
48009500
48009600
48009700
48009800
48009900
49000000
49000100
49000200
49000300
49000400
49000500
49000600
49000700
49000800
49000900
49001000
49001100
49001200
49001300
49001400
49001500
49001600
49001700
49001800
49001900
49002000
49002100
49002200
49002300
49002400
49002500
49002600
49002700
49002800
49002900
49003000
49003100
49003200
49003300
49003400
49003500
49003600
49003700
49003800
49003900
49004000
49004100
49004200
49004300
49004400
49004500
49004600
49004700
49004800
49004900
49005000
49005100
49005200
49005300
49005400
49005500
49005600
49005700
49005800
49005900
49006000
49006100
49006200
49006300
49006400
49006500
49006600
49006700
49006800
49006900
49007000
49007100
49007200
49007300
49007400
49007500
49007600
49007700
49007800
49007900
49008000
49008100
49008200
49008300
49008400
49008500
49008600
49008700
49008800
49008900
49009000
49009100
49009200
49009300
49009400
49009500
49009600
49009700
49009800
49009900
50000000
50000100
50000200
50000300
50000400
50000500
50000600
50000700
50000800
50000900
50001000
50001100
50001200
50001300
50001400
50001500
50001600
50001700
50001800
50001900
50002000
50002100
50002200
50002300
50002400
50002500
50002600
50002700
50002800
50002900
50003000
50003100
50003200
50003300
50003400
50003500
50003600
50003700
50003800
50003900
50004000
50004100
50004200
50004300
50004400
50004500
50004600
50004700
50004800
50004900
50005000
50005100
50005200
50005300
50005400
50005500
50005600
50005700
50005800
50005900
50006000
50006100
50006200
50006300
50006400
50006500
50006600
50006700
50006800
50006900
50007000
50007100
50007200
50007300
50007400
50007500
50007600
50007700
50007800
50007900
50008000
50008100
50008200
50008300
50008400
50008500
50008600
50008700
50008800
50008900
50009000
50009100
50009200
50009300
50009400
50009500
50009600
50009700
50009800
50009900
51000000
51000100
51000200
51000300
51000400
51000500
51000600
51000700
51000800
51000900
51001000
51001100
51001200
51001300
51001400
51001500
51001600
51001700
51001800
51001900
51002000
51002100
51002200
51002300
51002400
51002500
51002600
51002700
51002800
51002900
51003000
51003100
51003200
51003300
51003400
51003500
51003600
51003700
51003800
51003900
51004000
51004100
51004200
51004300
51004400
51004500
51004600
51004700
51004800
51004900
51005000
51005100
51005200
51005300
51005400
51005500
51005600
51005700
51005800
51005900
51006000
51006100
51006200
51006300
51006400
51006500
51006600
51006700
51006800
51006900
51007000
51007100
51007200
51007300
51007400
51007500
51007600
51007700
51007800
51007900
51008000
51008100
51008200
51008300
51008400
51008500
51008600
51008700
51008800
51008900
51009000
51009100
51009200
51009300
51009400
51009500
51009600
51009700
51009800
51009900
52000000
52000100
52000200
52000300
52000400
52000500
52000600
52000700
52000800
52000900
52001000
52001100
52001200
52001300
52001400
52001500
52001600
52001700
52001800
52001900
52002000
52002100
52002200
52002300
52002400
52002500
52002600
52002700
52002800
52002900
52003000
52003100
52003200
52003300
52003400
52003500
52003600
52003700
52003800
52003900
52004000
52004100
52004200
52004300
52004400
52004500
52004600
52004700
52004800
52004900
52005000
52005100
52005200
52005300
52005400
52005500
52005600
52005700
52005800
52005900
52006000
52006100
52006200
52006300
52006400
52006500
52006600
52006700
52006800
52006900
52007000
52007100
52007200
52007300
52007400
52007500
52007600
52007700
52007800
52007900
52008000
52008100
52008200
52008300
52008400
52008500
52008600
52008700
52008800
52008900
52009000
52009100
52009200
52009300
52009400
52009500
52009600
52009700
52009800
52009900
53000000
53000100
53000200
53000300
53000400
53000500
53000600
53000700
53000800
53000900
53001000
53001100
53001200
53001300
53001400
53001500
53001600
53001700
53001800
53001900
53002000
53002100
53002200
53002300
53002400
53002500
53002600
53002700
53002800
53002900
53003000
53003100
53003200
53003300
53003400
53003500
53003600
53003700
53003800
53003900
53004000
53004100
53004200
53004300
53004400
53004500
53004600
53004700
53004800
53004900
53005000
53005100
53005200
53005300
53005400
53005500
53005600
53005700
53005800
53005900
53006000
53006100
53006200
53006300
53006400
53006500
53006600
53006700
53006800
53006900
53007000
53007100
53007200
53007300
53007400
53007500
53007600
53007700
53007800
53007900
53008000
53008100
53008200
53008300
53008400
53008500
53008600
53008700
53008800
53008900
53009000
53009100
53009200
53009300
53009400
53009500
53009600
53009700
53009800
53009900
54000000
54000100
54000200
54000300
54000400
54000500
54000600
54000700
54000800
54000900
54001000
54001100
54001200
54001300
54001400
54001500
54001600
54001700
54001800
54001900
54002000
54002100
54002200
54002300
54002400
54002500
54002600
54002700
54002800
54002900
54003000
54003100
54003200
54003300
54003400
54003500
54003600
54003700
54003800
54003900
54004000
54004100
54004200
54004300
54004400
54004500
54004600
54004700
54004800
54004900
54005000
54005100
54005200
54005300
54005400
54005500
54005600
54005700
54005800
54005900
54006000
54006100
54006200
54006300
54006400
54006500
54006600
54006700
54006800
54006900
54007000
54007100
54007200
54007300
54007400
54007500
54007600
54007700
54007800
54007900
54008000
54008100
54008200
54008300
54008400
54008500
54008600
54008700
54008800
54008900
54009000
54009100
54009200
54009300
54009400
54009500
54009600
54009700
54009800
54009900
55000000
55000100
55000200
55000300
55000400
55000500
55000600
55000700
55000800
55000900
55001000
55001100
55001200
55001300
55001400
55001500
55001600
55001700
55001800
55001900
55002000
55002100
55002200
55002300
55002400
55002500
55002600
55002700
55002800
55002900
55003000
55003100
55003200
55003300
55003400
55003500
55003600
55003700
55003800
55003900
55004000
55004100
55004200
55004300
55004400
55004500
55004600
55004700
55004800
55004900
55005000
55005100
55005200
55005300
55005400
55005500
55005600
55005700
55005800
55005900
55006000
55006100
55006200
55006300
55006400
55006500
55006600
55006700
55006800
55006900
55007000
55007100
55007200
55007300
55007400
55007500
55007600
55007700
55007800
55007900
55008000
55008100
55008200
55008300
55008400
55008500
55008600
55008700
55008800
55008900
55009000
55009100
55009200
55009300
55009400
55009500
55009600
55009700
55009800
55009900
56000000
56000100
56000200
56000300
56000400
56000500
56000600
56000700
56000800
56000900
56001000
56001100
56001200
56001300
56001400
56001500
56001600
56001700
56001800
56001900
56002000
56002100
56002200
56002300
56002400
56002500
56002600
56002700
56002800
56002900
56003000
56003100
56003200
56003300
56003400
56003500
56003600
56003700
56003800
56003900
56004000
56004100
56004200
56004300
56004400
56004500
56004600
56004700
56004800
56004900
56005000
56005100
56005200
56005300
56005400
56005500
56005600
56005700
56005800
56005900
56006000
56006100
56006200
56006300
56006400
56006500
56006600
56006700
56006800
56006900
56007000
56007100
56007200
56007300
56007400
56007500
56007600
56007700
56007800
56007900
56008000
56008100
56008200
56008300
56008400
56008500
56008600
56008700
56008800
56008900
56009000
56009100
56009200
56009300
56009400
56009500
56009600
56009700
56009800
56009900
57000000
57000100
57000200
57000300
57000400
57000500
57000600
57000700
57000800
57000900
57001000
57001100
57001200
57001300
57001400
57001500
57001600
57001700
57001800
57001900
57002000
57002100
57002200
57002300
57002400
57002500
57002600
57002700
57002800
57002900
57003000
57003100
57003200
57003300
57003400
57003500
57003600
57003700
57003800
57003900
57004000
57004100
57004200
57004300
57004400
57004500
57004600
57004700
57004800
57004900
57005000
57005100
57005200
57005300
57005400
57005500
57005600
57005700
57005800
57005900
57006000
57006100
57006200
57006300
57006400
57006500
57006600
57006700
57006800
57006900
57007000
57007100
57007200
57007300
57007400
57007500
57007600
57007700
57007800
57007900
57008000
57008100
57008200
57008300
57008400
57008500
57008600
57008700
57008800
57008900
57009000
57009100
57009200
57009300
57009400
57009500
57009600
57009700
57009800
57009900
58000000
58000100
58000200
58000300
58000400
58000500
58000600
58000700
58000800
58000900
58001000
58001100
58001200
58001300
58001400
58001500
58001600
58001700
58001800
58001900
58002000
58002100
58002200
58002300
58002400
58002500
58002600
58002700
58002800
58002900
58003000
58003100
58003200
58003300
58003400
58003500
58003600
58003700
58003800
58003900
58004000
58004100
58004200
58004300
58004400
58004500
58004600
58004700
58004800
58004900
58005000
58005100
58005200
58005300
58005400
58005500
58005600
58005700
58005800
58005900
58006000
58006100
58006200
58006300
58006400
58006500
58006600
58006700
58006800
58006900
58007000
58007100
58007200
58007300
58007400
58007500
58007600
58007700
58007800
58007900
58008000
58008100
58008200
58008300
58008400
58008500
58008600
58008700
58008800
58008900
58009000
58009100
58009200
58009300
58009400
58009500
58009600
58009700
58009800
58009900
59000000
59000100
59000200
59000300
59000400
59000500
59000600
59000700
59000800
59000900
59001000
59001100
59001200
59001300
59001400
59001500
59001600
59001700
59001800
59001900
59002000
59002100
59002200
59002300
59002400
59002500
59002600
59002700
59002800
59002900
59003000
59003100
59003200
59003300
59003400
59003500
59003600
59003700
59003800
59003900
59004000
59004100
59004200
59004300
59004400
59004500
59004600
59004700
59004800
59004900
59005000
59005100
59005200
59005300
59005400
59005500
59005600
59005700
59005800
59005900
59006000
59006100
59006200
59006300
59006400
59006500
59006600
59006700
59006800
59006900
59007000
59007100
59007200
59007300
59007400
59007500
59007600
59007700
59007800
59007900
59008000
59008100
59008200
59008300
59008400
59008500
59008600
59008700
59008800
59008900
59009000
59009100
59009200
59009300
59009400
59009500
59009600
59009700
59009800
59009900
60000000
60000100
60000200
60000300
60000400
60000500
60000600
60000700
60000800
60000900
60001000
60001100
60001200
60001300
60001400
60001500
60001600
60001700
60001800
60001900
60002000
60002100
60002200
60002300
60002400
60002500
60002600
60002700
60002800
60002900
60003000
60003100
60003200
60003300
60003400
60003500
60003600
60003700
60003800
60003900
60004000
60004100
60004200
60004300
60004400
60004500
60004600
60004700
60004800
60004900
60005000
60005100
60005200
60005300
60005400
60005500
60005600
60005700
60005800
60005900
60006000
60006100
60006200
60006300
60006400
60006500
60006600
60006700
60006800
60006900
60007000
60007100
60007200
60007300
60007400
60007500
60007600
60007700
60007800
60007900
60008000
60008100
60008200
60008300
60008400
60008500
60008600
60008700
60008800
60008900
60009000
60009100
60009200
60009300
60009400
60009500
60009600
60009700
60009800
60009900
61000000
61000100
61000200
61000300
61000400
61000500
61000600
61000700
61000800
61000900
61001000
61001100
61001200
61001300
61001400
61001500
61001600
61001700
61001800
61001900
61002000
61002100
61002200
61002300
61002400
61002500
61002600
61002700
61002800
61002900
61003000
61003100
61003200
61003300
61003400
61003500
61003600
61003700
61003800
61003900
61004000
61004100
61004200
61004300
61004400
61004500
61004600
61004700
61004800
61004900
61005000
61005100
61005200
61005300
61005400
61005500
61005600
61005700
61005800
61005900
61006000
61006100
61006200
61006300
61006400
61006500
61006600
61006700
61006800
61006900
61007000
61007100
61007200
61007300
61007400
61007500
61007600
61007700
61007800
61007900
61008000
61008100
61008200
61008300
61008400
61008500
61008600
61008700
61008800
61008900
61009000
61009100
61009200
61009300
61009400
61009500
61009600
61009700
61009800
61009900
62000000
62000100
62000200
62000300
62000400
62000500
62000600
62000700
62000800
62000900
62001000
62001100
62001200
62001300
62001400
62001500
62001600
62001700
62001800
62001900
62002000
62002100
62002200
62002300
62002400
62002500
62002600
62002700
62002800
62002900
62003000
62003100
62003200
62003300
62003400
62003500
62003600
62003700
62003800
62003900
62004000
62004100
62004200
62004300
62004400
62004500
62004600
62004700
62004800
62004900
62005000
62005100
62005200
62005300
62005400
62005500
62005600
62005700
62005800
62005900
62006000
62006100
62006200
62006300
62006400
62006500
62006600
62006700
62006800
62006900
62007000
62007100
62007200
62007300
62007400
62007500
62007600
62007700
62007800
62007900
62008000
62008100
62008200
62008300
62008400
62008500
62008600
62008700
62008800
62008900
62009000
62009100
62009200
62009300
62009400
62009500
62009600
62009700
62009800
62009900
63000000
63000100
63000200
63000300
63000400
63000500
63000600
63000700
63000800
63000900
63001000
63001100
63001200
63001300
63001400
63001500
63001600
63001700
63001800
63001900
63002000
63002100
63002200
63002300
63002400
63002500
63002600
63002700
63002800
63002900
63003000
63003100
63003200
63003300
63003400
63003500
63003600
63003700
63003800
63003900
63004000
63004100
63004200
63004300
63004400
63004500
63004600
63004700
63004800
63004900
63005000
63005100
63005200
63005300
63005400
63005500
63005600
63005700
63005800
63005900
63006000
63006100
63006200
63006300
63006400
63006500
63006600
63006700
63006800
63006900
63007000
63007100
63007200
63007300
63007400
63007500
63007600
63007700
63007800
63007900
63008000
63008100
63008200
63008300
63008400
63008500
63008600
63008700
63008800
63008900
63009000
63009100
63009200
63009300
63009400
63009500
63009600
63009700
63009800
63009900
64000000
64000100
64000200
64000300
64000400
64000500
64000600
64000700
64000800
64000900
64001000
64001100
64001200
64001300
64001400
64001500
64001600
64001700
64001800
64001900
64002000
64002100
64002200
64002300
64002400
64002500
64002600
64002700
64002800
64002900
64003000
64003100
64003200
64003300
64003400
64003500
64003600
64003700
64003800
64003900
64004000
64004100
64004200
64004300
64004400
64004500
64004600
64004700
64004800
64004900
64005000
64005100
64005200
64005300
64005400
64005500
64005600
64005700
64005800
64005900
64006000
64006100
64006200
64006300
64006400
64006500
64006600
64006700
64006800
64006900
64007000
64007100
64007200
64007300
64007400
64007500
64007600
64007700
64007800
64007900
64008000
64008100
64008200
64008300
64008400
64008500
64008600
64008700
64008800
64008900
64009000
64009100
64009200
64009300
64009400
64009500
64009600
64009700
64009800
64009900
65000000
65000100
65000200
65000300
65000400
65000500
65000600
65000700
65000800
65000900
65001000
65001100
65001200
65001300
65001400
65001500
65001600
65001700
65001800
65001900
65002000
65002100
65002200
65002300
65002400
65002500
65002600
65002700
65002800
65002900
65003000
65003100
65003200
65003300
65003400
65003500
65003600
65003700
65003800
65003900
65004000
65004100
65004200
65004300
65004400
65004500
65004600
65004700
65004800
65004900
65005000
65005100
65005200
65005300
65005400
65005500
65005600
65005700
65005800
65005900
65006000
65006100
65006200
65006300
65006400
65006500
65006600
65006700
65006800
65006900
65007000
65007100
65007200
65007300
65007400
65007500
65007600
65007700
65007800
65007900
65008000
65008100
65008200
65008300
65008400
65008500
65008600
65008700
65008800
65008900
65009000
65009100
65009200
65009300
65009400
65009500
65009600
65009700
65009800
65009900
66000000
66000100
66000200
66000300
66000400
66000500
66000600
66000700
66000800
66000900
66001000
66001100
66001200
66001300
66001400
66001500
66001600
66001700
66001800
66001900
66002000
66002100
66002200
66002300
66002400
66002500
66002600
66002700
66002800
66002900
66003000
66003100
66003200
66003300
66003400
66003500
66003600
66003700
66003800
66003900
66004000
66004100
66004200
66004300
66004400
66004500
66004600
66004700
66004800
66004900
66005000
66005100
66005200
66005300
66005400
66005500
66005600
66005700
66005800
66005900
66006000
66006100
66006200
66006300
66006400
66006500
66006600
66006700
66006800
66006900
66007000
66007100
66007200
66007300
66007400
66007500
66007600
66007700
66007800
66007900
66008000
66008100
66008200
66008300
66008400
66008500
66008600
66008700
66008800
66008900
66009000
66009100
66009200
66009300
66009400
66009500
66009600
66009700
66009800
66009900
67000000
67000100
67000200
67000300
67000400
67000500
67000600
67000700
67000800
67000900
67001000
67001100
67001200
67001300
67001400
67001500
67001600
67001700
67001800
67001900
67002000
67002100
67002200
67002300
67002400
67002500
67002600
67002700
67002800
67002900
67003000
67003100
67003200
67003300
67003400
67003500
67003600
67003700
67003800
67003900
67004000
67004100
67004200
67004300
67004400
67004500
67004600
67004700
67004800
67004900
67005000
67005100
67005200
67005300
67005400
67005500
67005600
67005700
67005800
67005900
67006000
67006100
67006200
67006300
67006400
67006500
67006600
67006700
67006800
67006900
67007000
67007100
67007200
67007300
67007400
67007500
67007600
67007700
67007800
67007900
67008000
67008100
67008200
67008300
67008400
67008500
67008600
67008700
67008800
67008900
67009000
67009100
67009200
67009300
67009400
67009500
67009600
67009700
67009800
67009900
68000000
68000100
68000200
68000300
68000400
68000500
68000600
68000700
68000800
68000900
68001000
68001100
68001200
68001300
68001400
68001500
68001600
68001700
68001800
68001900
68002000
68002100
68002200
68002300
68002400
68002500
68002600
68002700
68002800
68002900
68003000
68003100
68003200
68003300
68003400
68003500
68003600
68003700
68003800
68003900
68004000
68004100
68004200
68004300
68004400
68004500
68004600
68004700
68004800
68004900
68005000
68005100
68005200
68005300
68005400
68005500
68005600
68005700
68005800
68005900
68006000
68006100
68006200
68006300
68006400
68006500
68006600
68006700
68006800
68006900
68007000
68007100
68007200
68007300
68007400
68007500
68007600
68007700
68007800
68007900
68008000
68008100
68008200
68008300
68008400
68008500
68008600
68008700
68008800
68008900
68009000
68009100
68009200
68009300
68009400
68009500
68009600
68009700
68009800
68009900
69000000
69000100
69000200
69000300
69000400
69000500
69000600
69000700
69000800
69000900
69001000
69001100
69001200
69001300
69001400
69001500
69001600
69001700
69001800
69001900
69002000
69002100
69002200
69002300
69002400
69002500
69002600
69002700
69002800
69002900
69003000
69003100
69003200
69003300
69003400
69003500
69003600
69003700
69003800
69003900
69004000
69004100
69004200
69004300
69004400
69004500
69004600
69004700
69004800
69004900
69005000
69005100
69005200
69005300
69005400
69005500
69005600
69005700
69005800
69005900
69006000
69006100
69006200
69006300
69006400
69006500
69006600
69006700
69006800
69006900
69007000
69007100
69007200
69007300
69007400
69007500
69007600
69007700
69007800
69007900
69008000
69008100
69008200
69008300
69008400
69008500
69008600
69008700
69008800
69008900
69009000
69009100
69009200
69009300
69009400
69009500
69009600
69009700
69009800
69009900
70000000
70000100
70000200
70000300
70000400
70000500
70000600
70000700
70000800
70000900
70001000
70001100
70001200
70001300
70001400
70001500
70001600
70001700
70001800
70001900
70002000
70002100
70002200
70002300
70002400
70002500
70002600
70002700
70002800
70002900
70003000
70003100
70003200
70003300
70003400
70003500
70003600
70003700
70003800
70003900
70004000
70004100
70004200
70004300
70004400
70004500
70004600
70004700
70004800
70004900
70005000
70005100
70005200
70005300
70005400
70005500
70005600
70005700
70005800
70005900
70006000
70006100
70006200
70006300
70006400
70006500
70006600
70006700
70006800
70006900
70007000
70007100
70007200
70007300
70007400
70007500
70007600
70007700
70007800
70007900
70008000
70008100
70008200
70008300
70008400
70008500
70008600
70008700
70008800
70008900
70009000
70009100
70009200
70009300
70009400
70009500
70009600
70009700
70009800
70009900
71000000
71000100
71000200
71000300
71000400
71000500
71000600
71000700
71000800
71000900
71001000
71001100
71001200
71001300
71001400
71001500
71001600
71001700
71001800
71001900
71002000
71002100
71002200
71002300
71002400
71002500
71002600
71002700
71002800
71002900
71003000
71003100
71003200
71003300
71003400
71003500
71003600
71003700
71003800
71003900
71004000
71004100
71004200
71004300
71004400
71004500
71004600
71004700
71004800
71004900
71005000
71005100
71005200
71005300
71005400
71005500
71005600
71005700
71005800
71005900
71006000
71006100
71006200
71006300
71006400
71006500
71006600
71006700
71006800
71006900
71007000
71007100
71007200
71007300
71007400
71007500
71007600
71007700
71007800
71007900
71008000
71008100
71008200
71008300
71008400
71008500
71008600
71008700
71008800
71008900
71009000
71009100
71009200
71009300
71009400
71009500
71009600
71009700
71009800
71009900
72000000
72000100
72000200
72000300
72000400
72000500
72000600
72000700
72000800
72000900
72001000
72001100
72001200
72001300
72001400
72001500
72001600
72001700
72001800
72001900
72002000
72002100
72002200
72002300
72002400
72002500
72002600
72002700
72002800
72002900
72003000
72003100
72003200
72003300
72003400
72003500
72003600
72003700
72003800
72003900
72004000
72004100
72004200
72004300
72004400
72004500
72004600
72004700
72004800
72004900
72005000
72005100
72005200
72005300
72005400
72005500
72005600
72005700
72005800
72005900
72006000
72006100
72006200
72006300
72006400
72006500
72006600
72006700
72006800
72006900
72007000
72007100
72007200
72007300
72007400
72007500
72007600
72007700
72007800
72007900
72008000
72008100
72008200
72008300
72008400
72008500
72008600
72008700
72008800
72008900
72009000
72009100
72009200
72009300
72009400
72009500
72009600
72009700
72009800
72009900
73000000
73000100
73000200
73000300
73000400
73000500
73000600
73000700
73000800
73000900
73001000
73001100
73001200
73001300
73001400
73001500
73001600
73001700
73001800
73001900
73002000
73002100
73002200
73002300
73002400
73002500
73002600
73002700
73002800
73002900
73003000
73003100
73003200
73003300
73003400
73003500
73003600
73003700
73003800
73003900
73004000
73004100
73004200
73004300
73004400
73004500
73004600
73004700
73004800
73004900
73005000
73005100
73005200
73005300
73005400
73005500
73005600
73005700
73005800
73005900
73006000
73006100
73006200
73006300
73006400
73006500
73006600
73006700
73006800
73006900
73007000
73007100
73007200
73007300
73007400
73007500
73007600
73007700
73007800
73007900
73008000
73008100
73008200
73008300
73008400
73008500
73008600
73008700
73008800
73008900
73009000
73009100
73009200
73009300
73009400
73009500
73009600
73009700
73009800
73009900
74000000
74000100
74000200
74000300
74000400
74000500
74000600
74000700
74000800
74000900
74001000
74001100
74001200
74001300
74001400
74001500
74001600
74001700
74001800
74001900
74002000
74002100
74002200
74002300
74002400
74002500
74002600
74002700
74002800
74002900
74003000
74003100
74003200
74003300
74003400
74003500
74003600
74003700
74003800
74003900
74004000
74004100
74004200
74004300
74004400
74004500
74004600
74004700
74004800
74004900
74005000
74005100
74005200
74005300
74005400
74005500
74005600
74005700
74005800
74005900
74006000
74006100
74006200
74006300
74006400
74006500
74006600
74006700
74006800
74006900
74007000
74007100
74007200
74007300
74007400
74007500
74007600
74007700
74007800
74007900
74008000
74008100
74008200
74008300
74008400
74008500
74008600
74008700
74008800
74008900
74009000
74009100
74009200
74009300
74009400
74009500
74009600
74009700
74009800
74009900
75000000
75000100
75000200
75000300
75000400
75000500
75000600
75000700
75000800
75000900
75001000
75001100
75001200
75001300
75001400
75001500
75001600
75001700
75001800
75001900
75002000
75002100
75002200
75002300
75002400
75002500
75002600
75002700
75002800
75002900
75003000
75003100
75003200
75003300
75003400
75003500
75003600
75003700
75003800
75003900
75004000
75004100
75004200
75004300
75004400
75004500
75004600
75004700
75004800
75004900
75005000
75005100
75005200
75005300
75005400
75005500
75005600
75005700
75005800
75005900
75006000
75006100
75006200
75006300
75006400
75006500
75006600
75006700
75006800
75006900
75007000
75007100
75007200
75007300
75007400
75007500
75007600
75007700
75007800
75007900
75008000
75008100
75008200
75008300
75008400
75008500
75008600
75008700
75008800
75008900
75009000
75009100
75009200
75009300
75009400
75009500
75009600
75009700
75009800
75009900
76000000
76000100
76000200
76000300
76000400
76000500
76000600
76000700
76000800
76000900
76001000
76001100
76001200
76001300
76001400
76001500
76001600
76001700
76001800
76001900
76002000
76002100
76002200
76002300
76002400
76002500
76002600
76002700
76002800
76002900
76003000
76003100
76003200
76003300
76003400
76003500
76003600
76003700
76003800
76003900
76004000
76004100
76004200
76004300
76004400
76004500
76004600
76004700
76004800
76004900
76005000
76005100
76005200
76005300
76005400
76005500
76005600
76005700
76005800
76005900
76006000
76006100
76006200
76006300
76006400
76006500
76006600
76006700
76006800
76006900
76007000
76007100
76007200
76007300
76007400
76007500
76007600
76007700
76007800
76007900
76008000
76008100
76008200
76008300
76008400
76008500
76008600
76008700
76008800
76008900
76009000
76009100
76009200
76009300
76009400
76009500
76009600
76009700
76009800
76009900
77000000
77000100
77000200
77000300
77000400
77000500
77000600
77000700
77000800
77000900
77001000
77001100
77001200
77001300
77001400
77001500
77001600
77001700
77001800
77001900
77002000
77002100
77002200
77002300
77002400
77002500
77002600
77002700
77002800
77002900
77003000
77003100
77003200
77003300
77003400
77003500
77003600
77003700
77003800
77003900
77004000
77004100
77004200
77004300
77004400
77004500
77004600
77004700
77004800
77004900
77005000
77005100
77005200
77005300
77005400
77005500
77005600
77005700
77005800
77005900
77006000
77006100
77006200
77006300
77006400
77006500
77006600
77006700
77006800
77006900
77007000
77007100
77007200
77007300
77007400
77007500
77007600
77007700
77007800
77007900
77008000
77008100
77008200
77008300
77008400
77008500
77008600
77008700
77008800
77008900
77009000
77009100
77009200
77009300
77009400
77009500
77009600
77009700
77009800
77009900
78000000
78000100
78000200
78000300
78000400
78000500
78000600
78000700
78000800
78000900
78001000
78001100
78001200
78001300
78001400
78001500
78001600
78001700
78001800
78001900
78002000
78002100
78002200
78002300
78002400
78002500
78002600
78002700
78002800
78002900
78003000
78003100
78003200
78003300
78003400
78003500
78003600
78003700
78003800
78003900
78004000
78004100
78004200
78004300
78004400
78004500
78004600
78004700
78004800
78004900
78005000
78005100
78005200
78005300
78005400
78005500
78005600
78005700
78005800
78005900
78006000
78006100
78006200
78006300
78006400
78006500
78006600
78006700
78006800
78006900
78007000
78007100
78007200
78007300
78007400
78007500
78007600
78007700
78007800
78007900
78008000
78008100
78008200
78008300
78008400
78008500
78008600
78008700
78008800
78008900
78009000
78009100
78009200
78009300
78009400
78009500
78009600
78009700
78009800
78009900
79000000
79000100
79000200
79000300
79000400
79000500
79000600
79000700
79000800
79000900
79001000
79001100
79001200
79001300
79001400
79001500
79001600
79001700
79001800
79001900
79002000
79002100
79002200
79002300
79002400
79002500
79002600
79002700
79002800
79002900
79003000
79003100
79003200
79003300
79003400
79003500
79003600
79003700
79003800
79003900
79004000
79004100
79004200
79004300
79004400
79004500
79004600
79004700
79004800
79004900
79005000
79005100
79005200
79005300
79005400
79005500
79005600
79005700
79005800
79005900
79006000
79006100
79006200
79006300
79006400
79006500
79006600
79006700
79006800
79006900
79007000
79007100
79007200
79007300
79007400
79007500
79007600
79007700
79007800
79007900
79008000
79008100
79008200
79008300
79008400
79008500
79008600
79008700
79008800
79008900
79009000
79009100
79009200
79009300
79009400
79009500
79009600
79009700
79009800
79009900
80000000
80000100
80000200
80000300
80000400
80000500
80000600
80000700
80000800
80000900
80001000
80001100
80001200
80001300
80001400
80001500
80001600
80001700
80001800
80001900
80002000
80002100
80002200
80002300
80002400
80002500
80002600
80002700
80002800
80002900
80003000
80003100
80003200
80003300
80003400
80003500
80003600
80003700
80003800
80003900
80004000
80004100
80004200
80004300
80004400
80004500
80004600
80004700
80004800
80004900
80005000
80005100
80005200
80005300
80005400
80005500
80005600
80005700
80005800
80005900
80006000
80006100
80006200
80006300
80006400
80006500
80006600
80006700
80006800
80006900
80007000
80007100
80007200
80007300
80007400
80007500
80007600
80007700
80007800
80007900
80008000
80008100
80008200
80008300
80008400
80008500
80008600
80008700
80008800
80008900
80009000
80009100
80009200
80009300
80009400
80009500
80009600
80009700
80009800
80009900
81000000
81000100
81000200
81000300
81000400
81000500
81000600
81000700
81000800
81000900
81001000
81001100
81001200
81001300
81001400
81001500
81001600
81001700
81001800
81001900
81002000
81002100
81002200
81002300
81002400
81002500
81002600
81002700
81002800
81002900
81003000
81003100
81003200
81003300
81003400
81003500
81003600
81003700
81003800
81003900
81004000
81004100
81004200
81004300
81004400
81004500
81004600
81004700
81004800
81004900
81005000
81005100
81005200
81005300
81005400
81005500
81005600
81005700
81005800
81005900
81006000
81006100
81006200
81006300
81006400
81006500
81006600
81006700
81006800
81006900
81007000
81007100
81007200
81007300
81007400
81007500
81007600
81007700
81007800
81007900
81008000
81008100
81008200
81008300
81008400
81008500
81008600
81008700
81008800
81008900
81009000
81009100
81009200
81009300
81009400
81009500
81009600
81009700
81009800
81009900
82000000
82000100
82000200
82000300
82000400
82000500
82000600
82000700
82000800
82000900
82001000
82001100
82001200
82001300
82001400
82001500
82001600
82001700
82001800
82001900
82002000
82002100
82002200
82002300
82002400
82002500
82002600
82002700
82002800
82002900
82003000
82003100
82003200
82003300
82003400
82003500
82003600
82003700
82003800
82003900
82004000
82004100
82004200
82004300
82004400
82004500
82004600
82004700
82004800
82004900
82005000
82005100
82005200
82005300
82005400
82005500
82005600
82005700
82005800
82005900
82006000
82006100
82006200
82006300
82006400
82006500
82006600
82006700
82006800
82006900
82007000
82007100
82007200
82007300
82007400
82007500
82007600
82007700
82007800
82007900
82008000
82008100
82008200
82008300
82008400
82008500
82008600
82008700
82008800
82008900
82009000
82009100
82009200
82009300
82009400
82009500
82009600
82009700
82009800
82009900
83000000
83000100
83000200
83000300
83000400
83000500
83000600
83000700
83000800
83000900
83001000
83001100
83001200
83001300
83001400
83001500
83001600
83001700
83001800
83001900
83002000
83002100
83002200
83002300
83002400
83002500
83002600
83002700
83002800
83002900
83003000
83003100
83003200
83003300
83003400
83003500
83003600
83003700
83003800
83003900
83004000
83004100
83004200
83004300
83004400
83004500
83004600
83004700
83004800
83004900
83005000
83005100
83005200
83005300
83005400
83005500
83005600
83005700
83005800
83005900
83006000
83006100
83006200
83006300
83006400
83006500
83006600
83006700
83006800
83006900
83007000
83007100
83007200
83007300
83007400
83007500
83007600
83007700
83007800
83007900
83008000
83008100
83008200
83008300
83008400
83008500
83008600
83008700
83008800
83008900
83009000
83009100
83009200
83009300
83009400
83009500
83009600
83009700
83009800
83009900
84000000
84000100
84000200
84000300
84000400
84000500
84000600
84000700
84000800
84000900
84001000
84001100
84001200
84001300
84001400
84001500
84001600
84001700
84001800
84001900
84002000
84002100
84002200
84002300
84002400
84002500
84002600
84002700
84002800
84002900
84003000
84003100
84003200
84003300
84003400
84003500
84003600
84003700
84003800
84003900
84004000
84004100
84004200
84004300
84004400
84004500
84004600
84004700
84004800
84004900
84005000
84005100
84005200
84005300
84005400
84005500
84005600
84005700
84005800
84005900
84006000
84006100
84006200
84006300
84006400
84006500
84006600
84006700
84006800
84006900
84007000
84007100
84007200
84007300
84007400
84007500
84007600
84007700
84007800
84007900
84008000
84008100
84008200
84008300
84008400
84008500
84008600
84008700
84008800
84008900
84009000
84009100
84009200
84009300
84009400
84009500
84009600
84009700
84009800
84009900
85000000
85000100
85000200
85000300
85000400
85000500
85000600
85000700
85000800
85000900
85001000
85001100
85001200
85001300
85001400
85001500
85001600
85001700
85001800
85001900
85002000
85002100
85002200
85002300
85002400
85002500
85002600
85002700
85002800
85002900
85003000
85003100
85003200
85003300
85003400
85003500
85003600
85003700
85003800
85003900
85004000
85004100
85004200
85004300
85004400
85004500
85004600
85004700
85004800
85004900
85005000
85005100
85005200
85005300
85005400
85005500
85005600
85005700
85005800
85005900
85006000
85006100
85006200
85006300
85006400
85006500
85006600
85006700
85006800
85006900
85007000
85007100
85007200
85007300
85007400
85007500
85007600
85007700
85007800
85007900
85008000
85008100
85008200
85008300
85008400
85008500
85008600
85008700
85008800
85008900
85009000
85009100
85009200
85009300
85009400
85009500
85009600
85009700
85009800
85009900
86000000
86000100
86000200
86000300
86000400
86000500
86000600
86000700
86000800
86000900
86001000
86001100
86001200
86001300
86001400
86001500
86001600
86001700
86001800
86001900
86002000
86002100
86002200
86002300
86002400
86002500
86002600
86002700
86002800
86002900
86003000
86003100
86003200
86003300
86003400
86003500
86003600
86003700
86003800
86003900
86004000
86004100
86004200
86004300
86004400
86004500
86004600
86004700
86004800
86004900
86005000
86005100
86005200
86005300
86005400
86005500
86005600
86005700
86005800
86005900
86006000
86006100
86006200
86006300
86006400
86006500
86006600
86006700
86006800
86006900
86007000
86007100
86007200
86007300
86007400
86007500
86007600
86007700
86007800
86007900
86008000
86008100
86008200
86008300
86008400
86008500
86008600
86008700
86008800
86008900
86009000
86009100
86009200
86009300
86009400
86009500
86009600
86009700
86009800
86009900
87000000
87000100
87000200
87000300
87000400
87000500
87000600
87000700
87000800
87000900
87001000
87001100
87001200
87001300
87001400
87001500
87001600
87001700
87001800
87001900
87002000
87002100
87002200
87002300
87002400
87002500
87002600
87002700
87002800
87002900
87003000
87003100
87003200
87003300
87003400
87003500
87003600
87003700
87003800
87003900
87004000
87004100
87004200
87004300
87004400
87004500
87004600
87004700
87004800
87004900
87005000
87005100
87005200
87005300
87005400
87005500
87005600
87005700
87005800
87005900
87006000
87006100
87006200
87006300
87006400
87006500
87006600
87006700
87006800
87006900
87007000
87007100
87007200
87007300
87007400
87007500
87007600
87007700
87007800
87007900
87008000
87008100
87008200
87008300
87008400
87008500
87008600
87008700
87008800
87008900
87009000
87009100
87009200
87009300
87009400
87009500
87009600
87009700
87009800
87009900
88000000
88000100
88000200
88000300
88000400
88000500
88000600
88000700
88000800
88000900
88001000
88001100
88001200
88001300
88001400
88001500
88001600
88001700
88001800
88001900
88002000
88002100
88002200
88002300
88002400
88002500
88002600
88002700
88002800
88002900
88003000
88003100
88003200
88003300
88003400
88003500
88003600
88003700
88003800
88003900
88004000
88004100
88004200
88004300
88004400
88004500
88004600
88004700
88004800
88004900
88005000
88005100
88005200
88005300
88005400
88005500
88005600
88005700
88005800
88005900
88006000
88006100
88006200
88006300
88006400
88006500
88006600
88006700
88006800
88006900
88007000
88007100
88007200
88007300
88007400
88007500
88007600
88007700
88007800
88007900
88008000
88008100
88008200
88008300
88008400
88008500
88008600
88008700
88008800
88008900
88009000
88009100
88009200
88009300
88009400
88009500
88009600
88009700
88009800
88009900
89000000
89000100
89000200
89000300
89000400
89000500
89000600
89000700
89000800
89000900
89001000
89001100
89001200
89001300
89001400
89001500
89001600
89001700
89001800
89001900
89002000
89002100
89002200
89002300
89002400
89002500
89002600
89002700
89002800
89002900
89003000
89003100
89003200
89003300
89003400
89003500
89003600
89003700
89003800
89003900
89004000
89004100
89004200
89004300
89004400
89004500
89004600
89004700
89004800
89004900
89005000
89005100
89005200
89005300
89005400
89005500
89005600
89005700
89005800
89005900
89006000
89006100
89006200
89006300
89006400
89006500
89006600
89006700
89006800
89006900
89007000
89007100
89007200
89007300
89007400
89007500
89007600
89007700
89007800
89007900
89008000
89008100
89008200
89008300
89008400
89008500
89008600
89008700
89008800
89008900
89009000
89009100
89009200
89009300
89009400
89009500
89009600
89009700
89009800
89009900
90000000
90000100
90000200
90000300
90000400
90000500
90000600
90000700
90000800
90000900
90001000
90001100
90001200
90001300
90001400
90001500
90001600
90001700
90001800
90001900
90002000
90002100
90002200
90002300
90002400
90002500
90002600
90002700
90002800
90002900
90003000
90003100
90003200
90003300
90003400
90003500
90003600
90003700
90003800
90003900
90004000
90004100
90004200
90004300
90004400
90004500
90004600
90004700
90004800
90004900
90005000
90005100
90005200
90005300
90005400
90005500
90005600
90005700
90005800
90005900
90006000
90006100
90006200
90006300
90006400
90006500
90006600
90006700
90006800
90006900
90007000
90007100
90007200
90007300
90007400
90007500
90007600
90007700
90007800
90007900
90008000
90008100
90008200
90008300
90008400
90008500
90008600
90008700
90008800
90008900
90009000
90009100
90009200
90009300
90009400
90009500
90009600
90009700
90009800
90009900
91000000
91000100
91000200
91000300
91000400
91000500
91000600
91000700
91000800
91000900
91001000
91001100
91001200
91001300
91001400
91001500
91001600
91001700
91001800
91001900
91002000
91002100
91002200
91002300
91002400
91002500
91002600
91002700
91002800
91002900
91003000
91003100
91003200
91003300
91003400
91003500
91003600
91003700
91003800
91003900
91004000
91004100
91004200
91004300
91004400
91004500
91004600
91004700
91004800
91004900
91005000
91005100
91005200
91005300
91005400
91005500
91005600
91005700
91005800
91005900
91006000
91006100
91006200
91006300
91006400
91006500
91006600
91006700
91006800
91006900
91007000
91007100
91007200
91007300
91007400
91007500
91007600
91007700
91007800
91007900
91008000
91008100
91008200
91008300
91008400
91008500
91008600
91008700
91008800
91008900
91009000
91009100
91009200
91009300
91009400
91009500
91009600
91009700
91009800
91009900
92000000
92000100
92000200
92000300
92000400
92000500
92000600
92000700
92000800
92000900
92001000
92001100
92001200
92001300
92001400
92001500
92001600
92001700
92001800
92001900
92002000
92002100
92002200
92002300
92002400
92002500
92002600
92002700
92002800
92002900
92003000
92003100
92003200
92003300
92003400
92003500
92003600
92003700
92003800
92003900
92004000
92004100
92004200
92004300
92004400
92004500
92004600
92004700
92004800
92004900
92005000
92005100
92005200
92005300
92005400
92005500
92005600
92005700
92005800
92005900
92006000
92006100
92006200
92006300
92006400
92006500
92006600
92006700
92006800
92006900
92007000
92007100
92007200
92007300
92007400
92007500
92007600
92007700
92007800
92007900
92008000
92008100
92008200
92008300
92008400
92008500
92008600
92008700
92008800
92008900
92009000
92009100
92009200
92009300
92009400
92009500
92009600
92009700
92009800
92009900
93000000
93000100
93000200
93000300
93000400
93000500
93000600
93000700
93000800
93000900
93001000
93001100
93001200
93001300
93001400
93001500
93001600
93001700
93001800
93001900
93002000
93002100
93002200
93002300
93002400
93002500
93002600
93002700
93002800
93002900
93003000
93003100
93003200
93003300
93003400
93003500
93003600
93003700
93003800
93003900
93004000
93004100
93004200
93004300
93004400
93004500
93004600
93004700
93004800
93004900
93005000
93005100
93005200
93005300
93005400
93005500
93005600
93005700
93005800
93005900
93006000
93006100
93006200
93006300
93006400
93006500
93006600
93006700
93006800
93006900
93007000
93007100
93007200
93007300
93007400
93007500
93007600
93007700
93007800
93007900
93008000
93008100
93008200
93008300
93008400
93008500
93008600
93008700
93008800
93008900
93009000
93009100
93009200
93009300
93009400
93009500
93009600
93009700
93009800
93009900
94000000
94000100
94000200
94000300
94000400
94000500
94000600
94000700
94000800
94000900
94001000
94001100
94001200
94001300
94001400
94001500
94001600
94001700
94001800
94001900
94002000
94002100
94002200
94002300
94002400
94002500
94002600
94002700
94002800
94002900
94003000
94003100
94003200
94003300
94003400
94003500
94003600
94003700
94003800
94003900
94004000
94004100
94004200
94004300
94004400
94004500
94004600
94004700
94004800
94004900
94005000
94005100
94005200
94005300
94005400
94005500
94005600
94005700
94005800
94005900
94006000
94006100
94006200
94006300
94006400
94006500
94006600
94006700
94006800
94006900
94007000
94007100
94007200
94007300
94007400
94007500
94007600
94007700
94007800
94007900
94008000
94008100
94008200
94008300
94008400
94008500
94008600
94008700
94008800
94008900
94009000
94009100
94009200
94009300
94009400
94009500
94009600
94009700
94009800
94009900
95000000
95000100
95000200
95000300
95000400
95000500
95000600
95000700
95000800
95000900
95001000
95001100
95001200
95001300
95001400
95001500
95001600
95001700
95001800
95001900
95002000
95002100
95002200
95002300
95002400
95002500
95002600
95002700
95002800
95002900
95003000
95003100
95003200
95003300
95003400
95003500
95003600
95003700
95003800
95003900
95004000
95004100
95004200
95004300
95004400
95004500
95004600
95004700
95004800
95004900
95005000
95005100
95005200
95005300
95005400
95005500
95005600
95005700
95005800
95005900
95006000
95006100
95006200
95006300
95006400
95006500
95006600
95006700
95006800
95006900
95007000
95007100
95007200
95007300
95007400
95007500
95007600
95007700
95007800
95007900
95008000
95008100
95008200
95008300
95008400
95008500
95008600
95008700
95008800
95008900
95009000
95009100
95009200
95009300
95009400
95009500
95009600
95009700
95009800
95009900
96000000
96000100
96000200
96000300
96000400
96000500
96000600
96000700
96000800
96000900
96001000
96001100
96001200
96001300
96001400
96001500
96001600
96001700
96001800
96001900
96002000
96002100
96002200
96002300
96002400
96002500
96002600
96002700
96002800
96002900
96003000
96003100
96003200
96003300
96003400
96003500
96003600
96003700
96003800
96003900
96004000
96004100
96004200
96004300
96004400
96004500
96004600
96004700
96004800
96004900
96005000
96005100
96005200
96005300
96005400
96005500
96005600
96005700
96005800
96005900
96006000
96006100
96006200
96006300
96006400
96006500
96006600
96006700
96006800
96006900
96007000
96007100
96007200
96007300
96007400
96007500
96007600
96007700
96007800
96007900
96008000
96008100
96008200
96008300
96008400
96008500
96008600
96008700
96008800
96008900
96009000
96009100
96009200
96009300
96009400
96009500
96009600
96009700
96009800
96009900
97000000
97000100
97000200
97000300
97000400
97000500
97000600
97000700
97000800
97000900
97001000
97001100
97001200
97001300
97001400
97001500
97001600
97001700
97001800
97001900
97002000
97002100
97002200
97002300
97002400
97002500
97002600
97002700
97002800
97002900
97003000
97003100
97003200
97003300
97003400
97003500
97003600
97003700
97003800
97003900
97004000
97004100
97004200
97004300
97004400
97004500
97004600
97004700
97004800
97004900
97005000
97005100
97005200
97005300
97005400
97005500
97005600
97005700
97005800
97005900
97006000
97006100
97006200
97006300
97006400
97006500
97006600
97006700
97006800
97006900
97007000
97007100
97007200
97007300
97007400
97007500
97007600
97007700
97007800
97007900
97008000
97008100
97008200
97008300
97008400
97008500
97008600
97008700
97008800
97008900
97009000
97009100
97009200
97009300
97009400
97009500
97009600
97009700
97009800
97009900
98000000
98000100
98000200
98000300
98000400
98000500
98000600
98000700
98000800
98000900
98001000
98001100
98001200
98001300
98001400
98001500
98001600
98001700
98001800
98001900
98002000
98002100
98002200
98002300
98002400
98002500
98002600
98002700
98002800
98002900
98003000
98003100
98003200
98003300
98003400
98003500
98003600
98003700
98003800
98003900
98004000
98004100
98004200
98004300
98004400
98004500
98004600
98004700
98004800
98004900
98005000
98005100
98005200
98005300
98005400
98005500
98005600
98005700
98005800
98005900
98006000
98006100
98006200
98006300
98006400
98006500
98006600
98006700
98006800
98006900
98007000
98007100
98007200
98007300
98007400
98007500
98007600
98007700
98007800
98007900
98008000
98008100
98008200
98008300
98008400
98008500
98008600
98008700
98008800
98008900
98009000
98009100
98009200
98009300
98009400
98009500
98009600
98009700
98009800
98009900
99000000
99000100
99000200
99000300
99000400
99000500
99000600
99000700
99000800
99000900
99001000
99001100
99001200
99001300
99001400
99001500
99001600
99001700
99001800
99001900
99002000
99002100
99002200
99002300
99002400
99002500
99002600
99002700
99002800
99002900
99003000
99003100
99003200
99003300
99003400
99003500
99003600
99003700
99003800
99003900
99004000
99004100
99004200
99004300
99004400
99004500
99004600
99004700
99004800
99004900
99005000
99005100
99005200
99005300
99005400
99005500
99005600
99005700
99005800
99005900
99006000
99006100
99006200
99006300
99006400
99006500
99006600
99006700
99006800
99006900
99007000
99007100
99007200
99007300
99007400
99007500
99007600
99007700
99007800
99007900
99008000
99008100
99008200
99008300
99008400
99008500
99008600
99008700
99008800
99008900
99009000
99009100
99009200
99009300
99009400
99009500
99009600
99009700
99009800
99009900
